"r" "obs" "theo" "lo" "hi"
"1" 0 0 0 0 0
"2" 248.877920751962 13234395.4379743 194590.938347595 0 1710933.1039183
"3" 497.755841503924 43882469.0838094 778363.753390378 0 4899205.13912345
"4" 746.633762255886 94730409.4507632 1751318.44512835 0 6276734.20535534
"5" 995.511683007848 149061085.459289 3113455.01356151 0 7195113.02955643
"6" 1244.38960375981 241005306.396795 4864773.45868986 1826936.61563526 10415848.0224584
"7" 1493.26752451177 344790828.515646 7005273.7805134 1826936.61563526 13620724.337061
"8" 1742.14544526373 449969444.891125 9534955.97903213 4071534.0654778 18488727.0817146
"9" 1991.0233660157 597637436.093786 12453820.0542461 6107301.0982167 21932549.7472943
"10" 2239.90128676766 749484710.066332 15761866.0061552 7931227.98184055 25667406.0121822
"11" 2488.77920751962 915959473.733483 19459093.8347595 10586201.5008959 31449270.5627113
"12" 2737.65712827158 1085916973.0422 23545503.5400589 12577431.6401875 35253435.99512
"13" 2986.53504902354 1261446849.37744 28021095.1220536 17855546.3130256 40575566.7456224
"14" 3235.41296977551 1465535157.97357 32885868.5807435 22697036.5718357 44638728.3128784
"15" 3484.29089052747 1687836036.88866 38139823.9161285 26080681.0389879 50814522.0315995
"16" 3733.16881127943 1921179324.87399 43782961.1282088 30087636.6360849 58863812.2365056
"17" 3982.04673203139 2164274272.65573 49815280.2169842 35702108.9387201 66279071.0378427
"18" 4230.92465278335 2447768953.87971 56236781.1824548 39912963.1656965 75266545.3201496
"19" 4479.80257353531 2752856596.08143 63047464.0246206 48467198.0652564 81492844.1943411
"20" 4728.68049428728 3027992711.76563 70247328.7434816 54150233.7613647 89813497.6266678
"21" 4977.55841503924 3331687259.71072 77836375.3390378 62805347.3017383 101431015.099668
"22" 5226.4363357912 3660457504.27514 85814603.8112892 69754466.321134 109361754.561581
"23" 5475.31425654316 3985745013.19798 94182014.1602357 76903745.5936518 115042402.836808
"24" 5724.19217729512 4337501312.99677 102938606.385878 86268902.0752898 124267684.703227
"25" 5973.07009804709 4694377248.59972 112084380.488214 96128487.2522693 133424511.282088
"26" 6221.94801879905 5070033429.12204 121619336.467247 105288451.376117 145980404.165585
"27" 6470.82593955101 5438506860.00037 131543474.322974 114515285.505492 157622609.703586
"28" 6719.70386030297 5784690782.77265 141856794.055396 124713894.597188 165674490.420385
"29" 6968.58178105493 6182419193.04019 152559295.664514 136762713.768125 175759035.869973
"30" 7217.4597018069 6589446448.5873 163650979.150327 145237950.02092 192146841.424296
"31" 7466.33762255886 6971850822.03192 175131844.512835 156496293.523209 204046013.245713
"32" 7715.21554331082 7377241250.71093 187001891.752038 167238537.575082 216178153.122351
"33" 7964.09346406278 7791686792.05801 199261120.867937 176909574.662968 229964453.573923
"34" 8212.97138481474 8232601124.28105 211909531.86053 190406652.633298 243956682.957817
"35" 8461.84930556671 8681447311.70155 224947124.729819 200885758.893776 258577710.21392
"36" 8710.72722631867 9140561354.19289 238373899.475803 213676219.165186 269989821.380343
"37" 8959.60514707063 9587744610.57076 252189856.098483 225520418.42053 287339563.047318
"38" 9208.48306782259 10074897878.7984 266394994.597857 242445132.282327 304102263.418929
"39" 9457.36098857455 10541584454.7691 280989314.973927 251850079.488695 324490895.419705
"40" 9706.23890932652 11017248185.1238 295972817.226691 266150280.876458 336536334.633769
"41" 9955.11683007848 11528802219.372 311345501.356151 282962329.880202 351479351.029397
"42" 10203.9947508304 11984514278.0198 327107367.362306 298063004.20416 366235177.151194
"43" 10452.8726715824 12448414665.4772 343258415.245157 312276994.251328 384395588.649999
"44" 10701.7505923344 12941164728.9777 359798645.004702 328928377.425082 402828659.25312
"45" 10950.6285130863 13508850638.5539 376728056.640943 348591183.07661 421130233.347434
"46" 11199.5064338383 13978369371.1191 394046650.153879 360390433.289616 435951017.576081
"47" 11448.3843545902 14481400010.686 411754425.54351 373254593.372898 455664080.307862
"48" 11697.2622753422 15008849399.9572 429851382.809836 390468872.426297 473357592.957469
"49" 11946.1401960942 15514059957.5999 448337521.952858 407378119.509298 501081222.076189
"50" 12195.0181168461 16011622573.9184 467212842.972575 425301969.682271 518703741.14311
"51" 12443.8960375981 16542032047.2368 486477345.868986 440756896.376971 536073672.987383
"52" 12692.7739583501 17043644693.5773 506131030.642093 455636272.815836 555632024.250826
"53" 12941.651879102 17539597613.1894 526173897.291896 476351773.052528 579830862.790736
"54" 13190.529799854 18060049491.1408 546605945.818393 492198332.344498 595205338.707473
"55" 13439.4077206059 18556751519.1075 567427176.221586 511021069.900183 617020275.104409
"56" 13688.2856413579 19057606875.5696 588637588.501473 527273370.088895 640659893.502676
"57" 13937.1635621099 19595032458.3267 610237182.658056 555165947.322537 664091014.59209
"58" 14186.0414828618 20111950982.7484 632225958.691335 583052399.542051 686117529.259137
"59" 14434.9194036138 20622942547.5894 654603916.601308 598712202.342454 710951063.597808
"60" 14683.7973243658 21064991635.2197 677371056.387977 620205430.790206 736700114.131575
"61" 14932.6752451177 21553519556.1889 700527378.05134 638095633.169333 763167318.184155
"62" 15181.5531658697 22058871659.1407 724072881.591399 657001216.862965 784793459.314097
"63" 15430.4310866216 22581340080.806 748007567.008153 678525774.444555 813028048.667055
"64" 15679.3090073736 23076486635.8063 772331434.301603 700956200.492658 847014605.718393
"65" 15928.1869281256 23563922697.4497 797044483.471747 724377535.722666 863581979.144679
"66" 16177.0648488775 24043214281.3844 822146714.518587 747329880.381754 891425067.950873
"67" 16425.9427696295 24532265128.6876 847638127.442122 776253800.643212 917347463.783225
"68" 16674.8206903814 25023715007.8026 873518722.242352 803298336.790751 939770193.459342
"69" 16923.6986111334 25505739907.6976 899788498.919277 833522088.328192 960890295.277511
"70" 17172.5765318854 25988362002.8615 926447457.472898 867136503.744705 992491584.047686
"71" 17421.4544526373 26460738343.3236 953495597.903213 885148682.814546 1015909098.90098
"72" 17670.3323733893 26938427455.4745 980932920.210224 910448727.101643 1042548574.56619
"73" 17919.2102941413 27440034971.7142 1008759424.39393 945410866.448771 1075060530.2387
"74" 18168.0882148932 27904772785.7223 1036975110.45433 960559200.119507 1106905349.41405
"75" 18416.9661356452 28386826765.5102 1065579978.39143 989521253.039915 1129070956.34182
"76" 18665.8440563971 28835844607.3603 1094574028.20522 1012569442.94796 1165920731.21437
"77" 18914.7219771491 29292082688.2985 1123957259.89571 1030197359.44484 1193607318.3317
"78" 19163.5998979011 29761554143.3493 1153729673.46289 1052454946.26402 1229117503.90058
"79" 19412.477818653 30226574044.2877 1183891268.90677 1072370561.1405 1263701156.49354
"80" 19661.355739405 30686160855.1765 1214442046.22734 1109511911.04991 1291541835.56763
"81" 19910.233660157 31126437247.2232 1245382005.42461 1136751258.28346 1320481556.50927
"82" 20159.1115809089 31592798235.3368 1276711146.49857 1172353206.37187 1357345227.00582
"83" 20407.9895016609 32026783878.4782 1308429469.44923 1202887145.76165 1396603589.05855
"84" 20656.8674224128 32484241934.8559 1340536974.27658 1237603286.10169 1428718696.30541
"85" 20905.7453431648 32917077285.3826 1373033660.98063 1272577099.84039 1470951635.67295
"86" 21154.6232639168 33364276317.8039 1405919529.56137 1302559760.84441 1510843661.85452
"87" 21403.5011846687 33777528951.4476 1439194580.01881 1342264646.34924 1539502689.8802
"88" 21652.3791054207 34197272524.1972 1472858812.35294 1377940777.63889 1585348181.04655
"89" 21901.2570261727 34598514210.0084 1506912226.56377 1414964142.33316 1611405917.3829
"90" 22150.1349469246 35020134521.4733 1541354822.6513 1447228169.31893 1649273874.23246
"91" 22399.0128676766 35404137458.8604 1576186600.61552 1477861449.8375 1684462425.50491
"92" 22647.8907884285 35824222693.3965 1611407560.45643 1509693860.64585 1724136951.20596
"93" 22896.7687091805 36226867048.5796 1647017702.17404 1540831702.29553 1765380914.29119
"94" 23145.6466299325 36630961608.6506 1683017025.76835 1579445200.55729 1810936053.1825
"95" 23394.5245506844 37011720125.7143 1719405531.23935 1617463392.92158 1851044165.75888
"96" 23643.4024714364 37384015753.8797 1756183218.58704 1659189243.7354 1881119164.72743
"97" 23892.2803921883 37800796719.9227 1793350087.81143 1692500228.95114 1917521926.60366
"98" 24141.1583129403 38190451542.6768 1830906138.91252 1734607015.1741 1958378758.86755
"99" 24390.0362336923 38574259445.3207 1868851371.8903 1772340325.49322 1998132254.23583
"100" 24638.9141544442 38941403811.0416 1907185786.74477 1807557965.37776 2040536411.044
"101" 24887.7920751962 39343535572.4157 1945909383.47595 1844782507.14458 2087461344.1792
"102" 25136.6699959482 39697038132.6791 1985022162.08381 1883434379.58919 2126205550.55318
"103" 25385.5479167001 40070796457.5009 2024524122.56837 1913700165.11915 2173384318.48377
"104" 25634.4258374521 40419933842.5597 2064415264.92963 1957336014.6842 2218034106.95471
"105" 25883.303758204 40783051733.087 2104695589.16758 1988565427.7641 2253625613.40673
"106" 26132.181678956 41172795121.2526 2145365095.28223 2036480694.7528 2301978769.44593
"107" 26381.059599708 41538345282.9827 2186423783.27357 2074979940.51224 2349012435.14712
"108" 26629.9375204599 41883235374.2415 2227871653.14161 2113795430.38181 2378327493.31623
"109" 26878.8154412119 42217284869.2805 2269708704.88634 2160746683.77302 2413990948.15495
"110" 27127.6933619639 42533086456.0875 2311934938.50777 2202314144.06432 2464343206.90529
"111" 27376.5712827158 42888581695.0031 2354550354.00589 2235546771.62299 2513694536.64213
"112" 27625.4492034678 43209634947.0844 2397554951.38071 2282991784.65134 2557393323.80399
"113" 27874.3271242197 43540470065.7576 2440948730.63223 2320262984.58193 2594016295.72613
"114" 28123.2050449717 43891277190.6914 2484731691.76043 2369885534.31025 2644767902.00893
"115" 28372.0829657237 44209922555.694 2528903834.76534 2411114448.46465 2679496106.11853
"116" 28620.9608864756 44535813901.8756 2573465159.64694 2465036902.93955 2729154548.89323
"117" 28869.8388072276 44825540040.4288 2618415666.40523 2514709628.76041 2779668587.88727
"118" 29118.7167279795 45091264647.3472 2663755355.04022 2550193685.89227 2828031068.66119
"119" 29367.5946487315 45403520030.9809 2709484225.55191 2585774016.28402 2879078919.94377
"120" 29616.4725694835 45702834707.1445 2755602277.94029 2630514767.31464 2927033456.35615
"121" 29865.3504902354 45967387917.0275 2802109512.20536 2677378243.25331 2984992519.30772
"122" 30114.2284109874 46244029135.5552 2849005928.34713 2732887488.6719 3036996909.62929
"123" 30363.1063317394 46520539172.3767 2896291526.3656 2783642195.013 3082557355.36093
"124" 30611.9842524913 46778312094.811 2943966306.26076 2836325589.05453 3135604994.08067
"125" 30860.8621732433 47037627817.0442 2992030268.03261 2897247505.4724 3183661358.92188
"126" 31109.7400939952 47326383005.8123 3040483411.68116 2939151251.00389 3237252275.2304
"127" 31358.6180147472 47598158438.8288 3089325737.20641 2986862771.9099 3283624355.75854
"128" 31607.4959354992 47868540739.4038 3138557244.60835 3035081768.85494 3341397700.26846
"129" 31856.3738562511 48116849810.6847 3188177933.88699 3086500363.64431 3389840461.10847
"130" 32105.2517770031 48408509816.3895 3238187805.04232 3141032619.24525 3436908862.27739
"131" 32354.1296977551 48630024842.767 3288586858.07435 3186004290.21029 3491138105.13601
"132" 32603.007618507 48863489770.5443 3339375092.98307 3235485728.22216 3557142573.11808
"133" 32851.885539259 49116675543.1402 3390552509.76849 3276990532.42612 3609379891.7217
"134" 33100.7634600109 49371541214.3076 3442119108.4306 3330093420.22455 3668373890.63167
"135" 33349.6413807629 49595198603.2532 3494074888.96941 3375046471.4571 3728294568.34761
"136" 33598.5193015149 49823418616.9438 3546419851.38491 3420810865.48471 3787202587.01981
"137" 33847.3972222668 50060236136.1921 3599153995.67711 3472496717.11868 3845871661.45869
"138" 34096.2751430188 50276689214.603 3652277321.846 3517868246.41165 3898008956.11038
"139" 34345.1530637707 50468658325.7625 3705789829.89159 3566508216.23477 3961452589.39578
"140" 34594.0309845227 50680966680.551 3759691519.81387 3618916035.67436 3997944231.46903
"141" 34842.9089052747 50892356721.379 3813982391.61285 3670981537.64192 4050959905.52582
"142" 35091.7868260266 51115017725.0836 3868662445.28853 3730774702.59945 4115448104.44517
"143" 35340.6647467786 51325567754.6488 3923731680.8409 3785218702.57632 4178765354.33711
"144" 35589.5426675306 51533719303.0001 3979190098.26996 3839305515.26702 4244547849.73115
"145" 35838.4205882825 51745202117.1996 4035037697.57572 3896721678.23941 4309928155.83215
"146" 36087.2985090345 51925223133.8494 4091274478.75817 3945215550.55024 4367356009.66513
"147" 36336.1764297864 52105401918.2242 4147900441.81733 4004183637.51173 4430875969.9194
"148" 36585.0543505384 52285339265.6616 4204915586.75317 4058120444.88533 4487705779.37198
"149" 36833.9322712904 52503967781.9724 4262319913.56571 4115278267.62561 4527974502.27279
"150" 37082.8101920423 52692263084.3975 4320113422.25495 4167755130.40192 4577969185.55317
"151" 37331.6881127943 52857833046.3706 4378296112.82088 4223578853.15909 4655063572.92065
"152" 37580.5660335463 53031504779.0749 4436867985.2635 4265373459.3673 4731450143.94381
"153" 37829.4439542982 53199079672.192 4495829039.58282 4331562046.64565 4804041774.86027
"154" 38078.3218750502 53388880758.4431 4555179275.77884 4407091918.04591 4869271939.27219
"155" 38327.1997958021 53576042613.0806 4614918693.85155 4467691575.37413 4930905500.95408
"156" 38576.0777165541 53756451827.8642 4675047293.80096 4509870016.62153 4983385673.5022
"157" 38824.9556373061 53940957882.2599 4735565075.62706 4579589790.42656 5049192624.01798
"158" 39073.833558058 54113300774.6892 4796472039.32986 4634190472.70505 5102567104.01634
"159" 39322.71147881 54284057804.2852 4857768184.90935 4689681068.88294 5160962730.16309
"160" 39571.5893995619 54476637494.5318 4919453512.36554 4755493862.21541 5211677715.46266
"161" 39820.4673203139 54640936742.1786 4981528021.69842 4820581373.23441 5281035688.49629
"162" 40069.3452410659 54815305529.6611 5043991712.908 4885378946.12509 5345195566.68795
"163" 40318.2231618178 54965376540.688 5106844585.99427 4935503175.44365 5408841005.08414
"164" 40567.1010825698 55114224597.8584 5170086640.95724 4997648600.31667 5469711152.24041
"165" 40815.9790033218 55246880676.606 5233717877.7969 5061211254.48007 5545591297.39858
"166" 41064.8569240737 55422768029.7804 5297738296.51326 5123810939.10086 5604498390.83652
"167" 41313.7348448257 55570966293.8844 5362147897.10631 5193239234.79341 5660493346.56533
"168" 41562.6127655776 55727924404.0397 5426946679.57606 5250881626.00162 5732053539.33159
"169" 41811.4906863296 55846959694.8001 5492134643.92251 5311885240.49992 5807656352.88513
"170" 42060.3686070816 56010596823.3766 5557711790.14565 5383641094.5573 5880713236.23232
"171" 42309.2465278335 56160117537.422 5623678118.24548 5442237762.15293 5956976380.2156
"172" 42558.1244485855 56312393075.2375 5690033628.22201 5500478396.25358 6029574786.87688
"173" 42807.0023693375 56447468709.0595 5756778320.07524 5566832906.8342 6105447211.82561
"174" 43055.8802900894 56576030329.7544 5823912193.80516 5638125350.02902 6173994642.41038
"175" 43304.7582108414 56699076807.0316 5891435249.41177 5696126361.07298 6242881891.89764
"176" 43553.6361315933 56822395001.6392 5959347486.89508 5752963814.34178 6305725579.40317
"177" 43802.5140523453 56950459580.2438 6027648906.25509 5817418796.34338 6374225647.37699
"178" 44051.3919730973 57082713479.5287 6096339507.49179 5886490995.39639 6449089754.71259
"179" 44300.2698938492 57205865022.0186 6165419290.60519 5952966464.1833 6511537549.67676
"180" 44549.1478146012 57338199017.7278 6234888255.59528 6012927305.21584 6595003559.37154
"181" 44798.0257353531 57447622964.2816 6304746402.46206 6068355512.90336 6656138382.68639
"182" 45046.9036561051 57551924964.1056 6374993731.20554 6142894389.04496 6731875828.86999
"183" 45295.7815768571 57683780965.1276 6445630241.82572 6225931168.29996 6798531697.85874
"184" 45544.659497609 57797140691.1317 6516655934.32259 6298275179.03755 6889104067.97586
"185" 45793.537418361 57903409886.849 6588070808.69616 6375950185.31365 6970378416.00226
"186" 46042.415339113 58017868796.6476 6659874864.94642 6438797427.14651 7031197468.53452
"187" 46291.2932598649 58131515727.3639 6732068103.07338 6500360515.13267 7115226929.70136
"188" 46540.1711806169 58254418489.8261 6804650523.07703 6571382595.41551 7180679095.8903
"189" 46789.0491013688 58371503051.4715 6877622124.95738 6632515773.52876 7241932293.62604
"190" 47037.9270221208 58475383734.7294 6950982908.71442 6706249668.46691 7330883305.36522
"191" 47286.8049428728 58571053490.472 7024732874.34816 6778488998.37022 7391383478.20882
"192" 47535.6828636247 58680002818.7598 7098872021.8586 6850951214.86109 7456641639.13504
"193" 47784.5607843767 58768857725.4918 7173400351.24572 6936142718.02849 7531360485.41611
"194" 48033.4387051287 58873558389.0207 7248317862.50955 7011641046.48694 7595144301.87711
"195" 48282.3166258806 58991668863.3756 7323624555.65007 7081985623.26627 7663567087.07325
"196" 48531.1945466326 59087217152.9299 7399320430.66728 7148213519.42261 7752950198.16708
"197" 48780.0724673845 59202908061.9942 7475405487.56119 7217047568.73112 7831520812.61664
"198" 49028.9503881365 59307624349.7967 7551879726.3318 7296936126.04 7917846329.5548
"199" 49277.8283088885 59396056040.923 7628743146.9791 7361559237.15987 8002454953.12005
"200" 49526.7062296404 59495385418.5823 7705995749.50309 7429283490.46107 8071631912.24512
"201" 49775.5841503924 59588469471.8277 7783637533.90378 7506093246.40278 8157226445.01304
"202" 50024.4620711443 59692682399.0693 7861668500.18117 7580957981.50664 8223066367.69631
"203" 50273.3399918963 59783537273.0082 7940088648.33525 7649766431.89167 8305876250.00933
"204" 50522.2179126483 59882529602.0316 8018897978.36602 7735748032.50183 8393754035.69287
"205" 50771.0958334002 59980992416.5085 8098096490.27349 7815876527.70489 8476096552.70195
"206" 51019.9737541522 60081788723.9262 8177684184.05766 7897219448.10537 8569818370.0342
"207" 51268.8516749042 60168173012.6036 8257661059.71852 7973431377.03616 8662212867.13907
"208" 51517.7295956561 60260494049.6432 8338027117.25608 8036323199.92326 8761828782.01075
"209" 51766.6075164081 60368375703.6868 8418782356.67033 8103883126.13893 8837966113.12683
"210" 52015.48543716 60456507558.8444 8499926777.96128 8189118834.31304 8906661854.46728
"211" 52264.363357912 60529615353.304 8581460381.12892 8263919245.05044 8991716635.21508
"212" 52513.241278664 60621930682.4382 8663383166.17326 8343564396.62184 9070048403.48806
"213" 52762.1191994159 60713689354.2417 8745695133.09429 8413582650.84486 9156245489.26898
"214" 53010.9971201679 60810503717.3219 8828396281.89202 8486828814.02917 9220876657.96095
"215" 53259.8750409199 60893849893.6112 8911486612.56644 8576591321.99978 9296363427.80412
"216" 53508.7529616718 60985281566.3318 8994966125.11756 8645971786.02405 9389312411.48548
"217" 53757.6308824238 61071178399.0382 9078834819.54537 8733045341.03595 9466213978.5303
"218" 54006.5088031757 61160052401.1769 9163092695.84988 8810461441.84538 9550874251.29809
"219" 54255.3867239277 61263778965.7897 9247739754.03108 8894322034.51661 9659384247.83271
"220" 54504.2646446797 61364936419.2231 9332775994.08898 8978711771.20287 9738675125.77401
"221" 54753.1425654316 61457667054.3783 9418201416.02357 9066297451.55756 9827451263.8248
"222" 55002.0204861836 61546473357.5685 9504016019.83487 9152291105.21882 9906463090.06681
"223" 55250.8984069356 61626030791.1458 9590219805.52285 9241910984.24102 9997693052.53836
"224" 55499.7763276875 61726950133.8054 9676812773.08753 9339709039.08128 10101578472.2897
"225" 55748.6542484395 61811199809.0238 9763794922.5289 9428117861.01862 10177219496.2945
"226" 55997.5321691914 61913983117.9203 9851166253.84697 9503640826.14251 10276635565.839
"227" 56246.4100899434 62003056617.0916 9938926767.04174 9609865487.63717 10359123079.3758
"228" 56495.2880106954 62078154440.5332 10027076462.1132 9694703177.22475 10448740635.7325
"229" 56744.1659314473 62153210780.7074 10115615339.0614 9780119048.76251 10546243064.3397
"230" 56993.0438521993 62236140768.7312 10204543397.8862 9860066545.98975 10643706568.7717
"231" 57241.9217729512 62312649925.5586 10293860638.5877 9944403627.44256 10737042327.9528
"232" 57490.7996937032 62403506604.9817 10383567061.166 10016321677.1015 10814567108.4806
"233" 57739.6776144552 62475972499.3899 10473662665.6209 10097091097.2603 10886300262.5692
"234" 57988.5555352071 62557730695.0067 10564147451.9526 10176154082.8075 10988268040.9511
"235" 58237.4334559591 62651029220.3818 10655021420.1609 10260873803.6161 11073338147.8183
"236" 58486.3113767111 62740825826.4347 10746284570.2459 10349972331.3161 11168860274.3945
"237" 58735.189297463 62826084322.996 10837936902.2076 10460285133.5483 11270488608.3078
"238" 58984.067218215 62914475241.3295 10929978416.046 10542549358.4449 11346833283.9359
"239" 59232.9451389669 63013109007.5942 11022409111.7611 10647261819.6041 11433722760.8067
"240" 59481.8230597189 63101605313.857 11115228989.3529 10740594439.0811 11524435348.5313
"241" 59730.7009804709 63184768417.3633 11208438048.8214 10854049434.7316 11617713237.0573
"242" 59979.5789012228 63265376675.3103 11302036290.1666 10956591908.2783 11701561105.6335
"243" 60228.4568219748 63345205994.7352 11396023713.3885 11044416682.6698 11792399018.3674
"244" 60477.3347427268 63426492741.6449 11490400318.4871 11120900761.3298 11902584675.3867
"245" 60726.2126634787 63495952958.6251 11585166105.4624 11198568548.3713 11968781325.975
"246" 60975.0905842307 63576158227.0213 11680321074.3144 11305809723.23 12056192298.8683
"247" 61223.9685049826 63660990111.5739 11775865225.043 11416497644.7695 12152241196.7481
"248" 61472.8464257346 63737539458.5932 11871798557.6484 11508151384.2275 12238182073.5688
"249" 61721.7243464866 63830413594.4278 11968121072.1305 11618198321.2548 12328716399.5976
"250" 61970.6022672385 63909326897.448 12064832768.4892 11696692270.356 12425419343.369
"251" 62219.4801879905 64005646615.1086 12161933646.7247 11782750794.2107 12518778996.6493
"252" 62468.3581087424 64089178148.4439 12259423706.8368 11905031031.6244 12621315621.135
"253" 62717.2360294944 64168378775.403 12357302948.8256 11995226875.5748 12709432640.242
"254" 62966.1139502464 64255863241.6193 12455571372.6912 12085679038.5485 12813985632.0573
"255" 63214.9918709983 64335718620.9254 12554228978.4334 12183149497.4497 12914956439.8074
"256" 63463.8697917503 64423473372.227 12653275766.0523 12266923653.4453 13002372933.2522
"257" 63712.7477125023 64523787059.0373 12752711735.548 12358456247.408 13095293800.2089
"258" 63961.6256332542 64607402821.2617 12852536886.9203 12463030491.8001 13193091894.0697
"259" 64210.5035540062 64679136461.4952 12952751220.1693 12546069942.2598 13290835166.1983
"260" 64459.3814747581 64770065546.4947 13053354735.295 12651500426.7742 13381505488.039
"261" 64708.2593955101 64858640961.6298 13154347432.2974 12765364945.3188 13496581464.5232
"262" 64957.1373162621 64940846276.0699 13255729311.1765 12867854716.8975 13619030799.3397
"263" 65206.015237014 65029618486.1119 13357500371.9323 12965956061.5421 13731611211.047
"264" 65454.893157766 65106533094.1657 13459660614.5648 13063170594.1652 13829678986.4251
"265" 65703.771078518 65195403220.3807 13562210039.0739 13153398430.462 13931461587.3903
"266" 65952.6489992699 65277959802.3382 13665148645.4598 13251292762.592 14045984675.2068
"267" 66201.5269200219 65367917931.0167 13768476433.7224 13354524938.8811 14155322272.9012
"268" 66450.4048407738 65457293913.3966 13872193403.8617 13467516085.3995 14279895048.6358
"269" 66699.2827615258 65535778096.3909 13976299555.8776 13567783961.3389 14390833042.7763
"270" 66948.1606822778 65628370995.9043 14080794889.7703 13674331172.1721 14491863176.2061
"271" 67197.0386030297 65693111561.7389 14185679405.5396 13766284805.0729 14601344524.628
"272" 67445.9165237817 65773619750.6348 14290953103.1857 13850451582.6978 14725960007.9159
"273" 67694.7944445336 65849986821.088 14396615982.7084 13988020816.8195 14862016756.5392
"274" 67943.6723652856 65934955550.7732 14502668044.1079 14094842567.0484 14974244549.0142
"275" 68192.5502860376 66028383328.512 14609109287.384 14214618831.5992 15074145932.1968
"276" 68441.4282067895 66119369839.3457 14715939712.5368 14319571460.379 15177773270.174
"277" 68690.3061275415 66202350936.1977 14823159319.5664 14440620521.3724 15293526657.3922
"278" 68939.1840482934 66279254370.2 14930768108.4726 14551566037.8719 15389983775.1349
"279" 69188.0619690454 66376469505.7391 15038766079.2555 14650323110.9211 15488303220.0821
"280" 69436.9398897974 66453188349.9939 15147153231.9151 14767758109.3641 15590935522.7678
"281" 69685.8178105493 66527616774.8581 15255929566.4514 14875248133.9055 15698785224.4343
"282" 69934.6957313013 66614783695.4055 15365095082.8644 14972714492.3655 15789566676.8556
"283" 70183.5736520533 66698561999.9186 15474649781.1541 15100762296.5253 15901201923.3317
"284" 70432.4515728052 66769139023.2998 15584593661.3205 15219333973.1563 16009816627.4417
"285" 70681.3294935572 66843454981.9491 15694926723.3636 15319057656.8623 16137653301.908
"286" 70930.2074143091 66924380630.7807 15805648967.2834 15422122367.2433 16249862078.4523
"287" 71179.0853350611 66982729349.3297 15916760393.0798 15519784168.3865 16351509899.1079
"288" 71427.9632558131 67059639526.8681 16028261000.753 15629768926.3876 16457442582.4978
"289" 71676.841176565 67140718531.1907 16140150790.3029 15747550810.9111 16561759720.8241
"290" 71925.719097317 67213604594.4699 16252429761.7294 15836625718.9639 16681370013.0073
"291" 72174.597018069 67298288056.5658 16365097915.0327 15931733750.8414 16807559660.5899
"292" 72423.4749388209 67374327934.4375 16478155250.2127 16046857217.4931 16935344001.0756
"293" 72672.3528595729 67447699833.3692 16591601767.2693 16155665222.3129 17037428983.7669
"294" 72921.2307803248 67529263202.1213 16705437466.2026 16255937618.2202 17156672029.7691
"295" 73170.1087010768 67596708570.0742 16819662347.0127 16361597413.1772 17277679344.7848
"296" 73418.9866218288 67661036698.863 16934276409.6994 16482741779.3058 17400098491.7038
"297" 73667.8645425807 67732314597.6993 17049279654.2628 16609452719.7881 17521348494.2493
"298" 73916.7424633327 67793283283.311 17164672080.703 16735698974.3694 17635744541.8162
"299" 74165.6203840847 67853057469.3934 17280453689.0198 16827406713.451 17746328178.5058
"300" 74414.4983048366 67920043635.8361 17396624479.2133 16939090663.6081 17857509072.4775
"301" 74663.3762255886 68001108838.458 17513184451.2835 17056834607.5683 17971696221.5427
"302" 74912.2541463405 68054745719.1497 17630133605.2304 17185301853.9546 18102654948.8074
"303" 75161.1320670925 68116496742.0023 17747471941.054 17304829928.6688 18238815635.879
"304" 75410.0099878445 68194812940.7641 17865199458.7543 17412713600.166 18356218723.9981
"305" 75658.8879085964 68258871468.2289 17983316158.3313 17544662068.2795 18487550156.6392
"306" 75907.7658293484 68324298341.5639 18101822039.785 17683358384.0078 18587579715.738
"307" 76156.6437501004 68405558318.0115 18220717103.1154 17788498726.7592 18759879998.7117
"308" 76405.5216708523 68461768806.7573 18340001348.3224 17914442207.9481 18880271759.0367
"309" 76654.3995916043 68523486530.7223 18459674775.4062 18036472054.32 18986120589.2722
"310" 76903.2775123562 68598318916.0629 18579737384.3667 18141067166.274 19121041718.6078
"311" 77152.1554331082 68661937169.1803 18700189175.2038 18256550007.6477 19260867202.8458
"312" 77401.0333538602 68725006354.5414 18821030147.9177 18386496124.6159 19380898729.5676
"313" 77649.9112746121 68778733521.5241 18942260302.5082 18517735929.466 19487610717.0652
"314" 77898.7891953641 68840937496.3507 19063879638.9755 18634694937.7514 19599837645.4124
"315" 78147.667116116 68905677814.078 19185888157.3194 18753122051.1472 19716995687.5024
"316" 78396.545036868 68951671732.1936 19308285857.5401 18856743212.3853 19845313136.1882
"317" 78645.42295762 69010117326.5701 19431072739.6374 18956722017.4665 19981602724.6237
"318" 78894.3008783719 69075236644.8221 19554248803.6114 19086006138.3274 20100424614.1562
"319" 79143.1787991239 69133715694.8212 19677814049.4621 19212983035.9692 20215384829.8748
"320" 79392.0567198759 69201431354.3264 19801768477.1896 19356886181.7149 20341607327.9149
"321" 79640.9346406278 69273391275.1574 19926112086.7937 19472395555.2961 20473624629.7163
"322" 79889.8125613798 69341555238.5282 20050844878.2745 19579943875.4902 20585766990.0852
"323" 80138.6904821317 69401209482.3871 20175966851.632 19707627504.2275 20706474305.6068
"324" 80387.5684028837 69473942448.1095 20301478006.8662 19845341253.826 20824860208.0787
"325" 80636.4463236357 69535203307.0415 20427378343.9771 19970236322.7707 20951214388.6295
"326" 80885.3242443876 69596181711.9858 20553667862.9647 20094251296.13 21061591255.3739
"327" 81134.2021651396 69657875647.4662 20680346563.829 20229364333.6245 21190851661.2086
"328" 81383.0800858916 69711873525.7491 20807414446.5699 20328142072.4141 21323338547.9003
"329" 81631.9580066435 69770500104.7751 20934871511.1876 20483522636.2484 21474829503.9832
"330" 81880.8359273955 69853796953.3768 21062717757.682 20619311818.5718 21619261005.4234
"331" 82129.7138481474 69922370617.9414 21190953186.053 20752584048.9383 21778483375.8014
"332" 82378.5917688994 70000576441.8273 21319577796.3008 20880243121.2546 21916381723.7397
"333" 82627.4696896514 70070516707.3121 21448591588.4253 20988789374.7864 22032940076.6355
"334" 82876.3476104033 70131410303.517 21577994562.4264 21128792984.0477 22153803283.5235
"335" 83125.2255311553 70184424854.1257 21707786718.3043 21261102772.1738 22259433872.9081
"336" 83374.1034519073 70250537248.4127 21837968056.0588 21385063518.349 22405315023.6017
"337" 83622.9813726592 70301553369.2832 21968538575.69 21494058438.0043 22534555292.6593
"338" 83871.8592934112 70359166784.2404 22099498277.198 21617857134.2031 22655075792.3288
"339" 84120.7372141631 70419222333.3882 22230847160.5826 21736234026.3179 22799384397.7413
"340" 84369.6151349151 70472954679.0353 22362585225.8439 21849307073.7285 22888160198.3709
"341" 84618.4930556671 70542542075.7052 22494712472.9819 21979001753.4927 23034590617.9219
"342" 84867.370976419 70602900393.6944 22627228901.9966 22100957772.5169 23165266449.7399
"343" 85116.248897171 70673882716.8166 22760134512.8881 22235332383.2294 23296321073.8166
"344" 85365.126817923 70736505710.8719 22893429305.6562 22350599850.4885 23461833481.9812
"345" 85614.0047386749 70792191447.9837 23027113280.3009 22515025210.6649 23582290388.1227
"346" 85862.8826594269 70866649104.8271 23161186436.8224 22655076810.298 23745881102.3637
"347" 86111.7605801788 70919894582.5741 23295648775.2206 22784131041.5291 23861461981.5128
"348" 86360.6385009308 70985639948.4587 23430500295.4955 22940411205.5087 24003536199.1265
"349" 86609.5164216828 71063356782.3242 23565740997.6471 23077750571.4854 24129970389.0649
"350" 86858.3943424347 71125449583.4091 23701370881.6754 23199443333.6323 24273237895.9585
"351" 87107.2722631867 71216126360.4359 23837389947.5803 23326447479.5357 24382754182.9595
"352" 87356.1501839386 71276691365.9381 23973798195.362 23484894056.8314 24502903199.4171
"353" 87605.0281046906 71341810711.8795 24110595625.0204 23611743669.4707 24636476721.0344
"354" 87853.9060254426 71398920921.625 24247782236.5554 23735514652.2394 24777458825.7335
"355" 88102.7839461945 71467584780.5389 24385358029.9672 23857418601.746 24936308733.9407
"356" 88351.6618669465 71525388401.5952 24523323005.2556 23998320886.5762 25098626581.2949
"357" 88600.5397876984 71608504540.9106 24661677162.4207 24109158357.404 25239392208.6903
"358" 88849.4177084504 71673053245.3222 24800420501.4626 24249482114.2478 25384046141.396
"359" 89098.2956292024 71734984040.1661 24939553022.3811 24420073143.7301 25522531947.3909
"360" 89347.1735499543 71810175823.7424 25079074725.1763 24551141593.4386 25642304618.6794
"361" 89596.0514707063 71861710098.0403 25218985609.8483 24669231194.9456 25809274782.8979
"362" 89844.9293914583 71931791268.1088 25359285676.3969 24791772628.3336 25951631265.7025
"363" 90093.8073122102 71995561422.3465 25499974924.8222 24970791019.5296 26079312499.649
"364" 90342.6852329622 72057223856.3558 25641053355.1242 25096327690.5678 26225761362.7642
"365" 90591.5631537141 72128912351.3062 25782520967.3029 25218200537.2702 26369626939.8484
"366" 90840.4410744661 72203614956.3655 25924377761.3583 25331279322.1363 26534402675.2535
"367" 91089.3189952181 72267889733.3199 26066623737.2904 25468449630.6269 26690442395.5427
"368" 91338.19691597 72346174967.2148 26209258895.0992 25607099207.0503 26848021933.6977
"369" 91587.074836722 72410686322.1935 26352283234.7846 25723904060.9786 26972862445.7091
"370" 91835.9527574739 72486594268.8067 26495696756.3468 25852919287.1033 27131813770.4062
"371" 92084.8306782259 72554445805.7763 26639499459.7857 25977670394.0204 27298117226.0714
"372" 92333.7085989779 72622522424.8134 26783691345.1013 26129357391.9123 27413046364.6084
"373" 92582.5865197298 72686157525.5542 26928272412.2935 26269128244.2388 27561716235.8054
"374" 92831.4644404818 72747370612.836 27073242661.3625 26392366149.1502 27723860987.8692
"375" 93080.3423612338 72816014861.5711 27218602092.3081 26525736355.5722 27872677318.8673
"376" 93329.2202819857 72877910489.6064 27364350705.1305 26677351793.0323 28044305984.8438
"377" 93578.0982027377 72940684075.7778 27510488499.8295 26805552759.4846 28211274255.9276
"378" 93826.9761234896 73014870213.6421 27657015476.4053 26936718374.6464 28358220049.4123
"379" 94075.8540442416 73066637581.0471 27803931634.8577 27060579880.7432 28547445507.5375
"380" 94324.7319649936 73131903451.6515 27951236975.1868 27232252542.6563 28681480930.2223
"381" 94573.6098857455 73212307378.7767 28098931497.3927 27381552853.8815 28824984316.8791
"382" 94822.4878064975 73288399851.2445 28247015201.4752 27534428890.5707 28968590226.9876
"383" 95071.3657272495 73360828044.2463 28395488087.4344 27694201878.6232 29128315714.0184
"384" 95320.2436480014 73429987149.3867 28544350155.2703 27850959547.4429 29281788198.2635
"385" 95569.1215687534 73501617434.1515 28693601404.9829 28008952915.4323 29468552259.3274
"386" 95817.9994895053 73555054468.202 28843241836.5722 28186889563.0874 29649917734.6163
"387" 96066.8774102573 73632765813.0167 28993271450.0382 28354462311.8268 29777522293.2501
"388" 96315.7553310093 73698551768.5922 29143690245.3809 28488113245.5621 29956317549.1587
"389" 96564.6332517612 73780927969.9996 29294498222.6003 28654572009.205 30143724534.5231
"390" 96813.5111725132 73848212003.0353 29445695381.6963 28798371408.3075 30284607368.2046
"391" 97062.3890932652 73919877549.4402 29597281722.6691 28924849489.1454 30460049959.8195
"392" 97311.2670140171 73986938476.2736 29749257245.5186 29070985469.6987 30622498551.4258
"393" 97560.1449347691 74051792600.4077 29901621950.2448 29215165324.9236 30749139875.5943
"394" 97809.022855521 74123433926.5369 30054375836.8476 29396166271.916 30912061055.2179
"395" 98057.900776273 74183119850.9039 30207518905.3272 29558214540.7386 31046118625.2044
"396" 98306.778697025 74239960043.1557 30361051155.6834 29740074439.2602 31211192865.5331
"397" 98555.6566177769 74307942702.0774 30514972587.9164 29869403291.6901 31358594692.1806
"398" 98804.5345385289 74378018443.4687 30669283202.026 30044652094.6778 31546172786.4139
"399" 99053.4124592809 74450357960.0034 30823982998.0124 30192065623.6799 31710707198.9497
"400" 99302.2903800328 74513868292.2992 30979071975.8754 30345217389.6514 31884501484.4305
"401" 99551.1683007848 74593229414.7302 31134550135.6151 30475011687.3566 32010595289.178
"402" 99800.0462215367 74653536325.423 31290417477.2315 30609441576.2421 32188670052.9294
"403" 100048.924142289 74721001394.2868 31446674000.7247 30802750901.9789 32338166029.0565
"404" 100297.802063041 74787316523.857 31603319706.0945 30935018146.1505 32514454947.9783
"405" 100546.679983793 74863794489.9215 31760354593.341 31066349785.2459 32641630812.7905
"406" 100795.557904545 74921679282.5371 31917778662.4642 31237769280.7526 32805002254.8038
"407" 101044.435825297 74988072452.1652 32075591913.4641 31413652387.1502 32964951446.7769
"408" 101293.313746049 75058816065.6503 32233794346.3407 31570861773.7888 33115789524.6664
"409" 101542.1916668 75137009238.552 32392385961.094 31742044483.4809 33292779247.0663
"410" 101791.069587552 75201847751.6984 32551366757.724 31886288224.9426 33468001802.7617
"411" 102039.947508304 75274607417.0204 32710736736.2306 32001296536.8688 33596680840.1905
"412" 102288.825429056 75346980584.2162 32870495896.614 32192313232.9029 33742304524.9498
"413" 102537.703349808 75425269043.4008 33030644238.8741 32345996798.7332 33899931061.158
"414" 102786.58127056 75504782314.4945 33191181763.0108 32503996988.6068 34081644970.7422
"415" 103035.459191312 75566335141.8003 33352108469.0243 32650956292.1731 34242083722.8
"416" 103284.337112064 75620884834.5265 33513424356.9145 32813910928.5534 34419522493.1502
"417" 103533.215032816 75703943016.2184 33675129426.6813 32968603506.5721 34622421231.0628
"418" 103782.092953568 75771068052.8111 33837223678.3249 33107717655.4034 34753962973.7074
"419" 104030.97087432 75848319463.2282 33999707111.8451 33258373590.048 34946172798.1724
"420" 104279.848795072 75926981576.9295 34162579727.242 33404038652.1278 35085559475.8115
"421" 104528.726715824 76005008517.4814 34325841524.5157 33557293527.9385 35295488172.2839
"422" 104777.604636576 76091059084.0223 34489492503.666 33742277916.6895 35468216619.605
"423" 105026.482557328 76176380870.15 34653532664.693 33916079053.6328 35657652561.651
"424" 105275.36047808 76251882803.2586 34817962007.5967 34087103410.8126 35852889190.4894
"425" 105524.238398832 76332064579.3361 34982780532.3772 34258165749.3248 36047526394.8311
"426" 105773.116319584 76417385522.1608 35147988239.0343 34414394370.946 36197734944.4894
"427" 106021.994240336 76504552189.9471 35313585127.5681 34564458875.5666 36348680247.2023
"428" 106270.872161088 76565913461.5505 35479571197.9786 34742741345.3906 36497729569.1021
"429" 106519.75008184 76660561232.5817 35645946450.2658 34877733644.2442 36677078951.8677
"430" 106768.628002592 76736229004.1177 35812710884.4296 35058587194.9754 36861996851.9993
"431" 107017.505923344 76824260526.554 35979864500.4702 35223948397.7187 37039848928.1231
"432" 107266.383844096 76907415525.0257 36147407298.3875 35390613092.9683 37218563280.5747
"433" 107515.261764848 76967487152.0305 36315339278.1815 35557721065.4007 37377744530.215
"434" 107764.1396856 77060140145.1016 36483660439.8521 35708474253.9686 37577807573.7
"435" 108013.017606351 77127633315.1132 36652370783.3995 35866914693.3015 37753073535.4586
"436" 108261.895527103 77215757682.6649 36821470308.8236 35986947100.8231 37896391013.4937
"437" 108510.773447855 77307762974.3884 36990959016.1243 36164884878.9191 38071773696.9984
"438" 108759.651368607 77399003570.3613 37160836905.3018 36320448887.2518 38265227693.1779
"439" 109008.529289359 77465395324.8681 37331103976.3559 36501863690.9143 38433845689.4636
"440" 109257.407210111 77556229585.808 37501760229.2868 36658745379.1178 38634508918.5455
"441" 109506.285130863 77628286443.4044 37672805664.0943 36801972913.7742 38868525088.9427
"442" 109755.163051615 77701723148.3927 37844240280.7785 36984616337.0084 39043220033.9542
"443" 110004.040972367 77779432515.8961 38016064079.3395 37135408984.0298 39222896089.2255
"444" 110252.918893119 77888100156.5206 38188277059.7771 37292156874.4763 39372716013.1751
"445" 110501.796813871 77980601470.5386 38360879222.0914 37450015479.1659 39534692580.4575
"446" 110750.674734623 78040829305.6449 38533870566.2824 37614592628.4438 39698655817.9013
"447" 110999.552655375 78128696549.036 38707251092.3501 37800922850.8897 39863666575.3178
"448" 111248.430576127 78210734543.335 38881020800.2945 37971320459.7101 40033988215.7232
"449" 111497.308496879 78303065702.549 39055179690.1156 38114093165.0418 40239536912.7726
"450" 111746.186417631 78402475154.5932 39229727761.8134 38267977238.9689 40409430331.6855
"451" 111995.064338383 78480497054.7581 39404665015.3879 38459096120.248 40553529488.1187
"452" 112243.942259135 78569252986.4698 39579991450.8391 38642670121.3246 40732934270.7719
"453" 112492.820179887 78655794964.1493 39755707068.167 38797842791.2943 40937057353.2817
"454" 112741.698100639 78742985054.1465 39931811867.3715 38941238318.0437 41106943243.2301
"455" 112990.576021391 78811038423.4547 40108305848.4528 39087800244.1415 41283381585.1036
"456" 113239.453942143 78875836465.8089 40285189011.4108 39259105122.9487 41496708554.122
"457" 113488.331862895 78961321885.0638 40462461356.2454 39420573223.3512 41686648416.6448
"458" 113737.209783647 79036538195.8117 40640122882.9568 39548265098.043 41862280194.6641
"459" 113986.087704399 79116920214.3443 40818173591.5448 39751417413.6363 42030103270.7098
"460" 114234.965625151 79216736483.0078 40996613482.0096 39934272139.2238 42206850969.6765
"461" 114483.843545902 79317600544.0947 41175442554.351 40115263033.0079 42380959914.8253
"462" 114732.721466654 79401140535.3047 41354660808.5691 40297541355.3081 42525919385.8762
"463" 114981.599387406 79509591864.3308 41534268244.664 40449695802.8369 42732218570.7622
"464" 115230.477308158 79597088160.4511 41714264862.6355 40651485582.563 42905973351.1414
"465" 115479.35522891 79684929356.0388 41894650662.4837 40816542316.0882 43046029860.9756
"466" 115728.233149662 79777603583.5698 42075425644.2086 41001781754.399 43251844700.7063
"467" 115977.111070414 79874128111.2135 42256589807.8102 41176256662.1036 43439044778.7932
"468" 116225.988991166 79943384481.4034 42438143153.2885 41335907280.7559 43615324148.8236
"469" 116474.866911918 80005875878.4876 42620085680.6435 41507709721.5716 43788622519.107
"470" 116723.74483267 80098503693.0736 42802417389.8752 41674271321.1357 43975998604.2284
"471" 116972.622753422 80191264795.6307 42985138280.9836 41875465281.4893 44180052087.8504
"472" 117221.500674174 80286766627.7958 43168248353.9687 42070681500.7886 44395696648.7814
"473" 117470.378594926 80378964876.2259 43351747608.8305 42249451707.9746 44583145251.4902
"474" 117719.256515678 80468949017.1562 43535636045.569 42458497527.4044 44787987399.4653
"475" 117968.13443643 80572142293.631 43719913664.1842 42637468156.2046 44987607038.6157
"476" 118217.012357182 80677952783.8081 43904580464.676 42791329240.4947 45189704175.3925
"477" 118465.890277934 80747233325.8181 44089636447.0446 42951556734.4559 45383605302.3364
"478" 118714.768198686 80811706560.8567 44275081611.2898 43123679899.4489 45592202418.4988
"479" 118963.646119438 80900591815.1126 44460915957.4118 43324072675.1702 45841588399.7343
"480" 119212.52404019 81035682709.3067 44647139485.4104 43519026348.677 46003162036.5293
"481" 119461.401960942 81138012053.7624 44833752195.2858 43690285647.4037 46173925335.3239
"482" 119710.279881694 81239983869.3454 45020754087.0378 43935613471.9271 46364932634.2804
"483" 119959.157802446 81361497403.8433 45208145160.6665 44091204715.4686 46559095525.0948
"484" 120208.035723198 81445491595.7468 45395925416.172 44286689776.8803 46766684107.4679
"485" 120456.91364395 81548675537.2357 45584094853.5541 44487155156.2791 46958777749.4164
"486" 120705.791564702 81659222474.6166 45772653472.8129 44680332540.4554 47097032428.7997
"487" 120954.669485454 81753323677.4786 45961601273.9484 44880125760.5767 47302696819.4511
"488" 121203.547406205 81864595937.9686 46150938256.9607 45040946249.7955 47483285024.6452
"489" 121452.425326957 81946484233.8859 46340664421.8495 45213603261.2548 47658432119.8271
"490" 121701.303247709 82049467503.0909 46530779768.6152 45383484489.179 47837358328.6301
"491" 121950.181168461 82129019781.3596 46721284297.2575 45610688690.6803 48015414317.3905
"492" 122199.059089213 82242210459.8956 46912178007.7764 45811837344.1279 48221216832.3439
"493" 122447.937009965 82352651152.2388 47103460900.1721 45981084877.6053 48450059789.8909
"494" 122696.814930717 82463996098.0518 47295132974.4445 46165209184.0701 48636735666.7051
"495" 122945.692851469 82549600569.0972 47487194230.5936 46339604638.5212 48838788397.2846
"496" 123194.570772221 82658847098.2027 47679644668.6194 46487116061.3171 49025012063.5293
"497" 123443.448692973 82748604541.4642 47872484288.5218 46698972315.4696 49207584765.5105
"498" 123692.326613725 82835275549.3524 48065713090.301 46880926109.0994 49431839956.1448
"499" 123941.204534477 82925340246.147 48259331073.9568 47045952736.7062 49611534521.8973
"500" 124190.082455229 83003086886.5511 48453338239.4894 47265408331.7827 49766706087.2074
"501" 124438.960375981 83093992430.2091 48647734586.8986 47443848693.8201 49969152928.3699
"502" 124687.838296733 83159421935.6998 48842520116.1846 47623220372.915 50151959145.2665
"503" 124936.716217485 83229726774.3911 49037694827.3472 47821288200.8825 50353996304.3672
"504" 125185.594138237 83306287794.5893 49233258720.3866 48002466069.4479 50584179617.4036
"505" 125434.472058989 83407880430.4656 49429211795.3026 48170871680.8518 50756663088.4126
"506" 125683.349979741 83465034368.2852 49625554052.0953 48376625709.4022 50947961038.5671
"507" 125932.227900493 83582170155.3004 49822285490.7647 48551600639.0272 51132427930.0038
"508" 126181.105821245 83653594490.9815 50019406111.3108 48718669342.3441 51341812323.1473
"509" 126429.983741997 83736663185.9512 50216915913.7336 48884499703.2162 51547870358.4621
"510" 126678.861662749 83835400436.5962 50414814898.0331 49104846652.8351 51751618912.6713
"511" 126927.739583501 83937833644.6293 50613103064.2093 49303326586.6343 51970135521.7732
"512" 127176.617504253 84051005417.2326 50811780412.2622 49506045871.7983 52209738272.8382
"513" 127425.495425005 84124889188.797 51010846942.1918 49695756426.4452 52424330663.7353
