COD_MUN	COD_DEPTO	nbi	msnm
54535	54	100	800
94882	94	100	600
94888	94	100	20
94887	94	100	200
94885	94	100	80
97511	97	100	200
91460	91	100	0
91460	91	100	0
97777	97	100	200
94886	94	100	100
91263	91	100	158
91263	91	100	158
19050	19	100	1750
97161	97	100	200
94883	94	100	88
50325	50	100	200
15114	15	57.96767	2500
91669	91	100	200
97666	97	82.06897	100
97889	97	78.5179	100
91407	91	58.80371	82
94884	94	97.79482	96
15550	15	80.77198	1500
15401	15	44.73524	1400
15723	15	46.13546	2600
68370	68	60.812	300
85015	85	46.35193	1100
15832	15	22.67258	1250
85279	85	46.28999	750
19533	19	100	310
68867	68	20.80336	3350
85136	85	51.14638	1525
15090	15	36.12188	1525
68121	68	40.12807	1020
15236	15	34.15765	1850
15522	15	46.93287	2250
25086	25	33.85993	229
94343	94	100	119
68013	68	41.02423	1650
68522	68	46.39279	870
85315	85	37.70279	1300
68322	68	21.67043	1475
68132	68	26.64049	2000
25580	25	41.70198	1000
91405	91	52.88604	184
91405	91	52.88604	184
15660	15	30.72289	1950
25483	25	43.9312	262
68705	68	39.05109	1900
25324	25	47.11452	255
25871	25	42.94778	1700
50686	50	29.74987	1950
68344	68	45.08547	1300
68524	68	29.14742	1190
68245	68	36.16171	1950
15022	15	37.3155	1925
25095	25	32.09044	1400
15511	15	37.0044	2000
5004	5	28.53828	1900
15317	15	62.68509	2195
15518	15	41.6309	793
50245	50	20.1897	1900
68160	68	47.89959	670
15533	15	82.4189	980
15380	15	25.29644	1975
25807	25	34.04993	1950
68176	68	43.94125	1150
15362	15	23.22115	2500
15761	15	36.90071	1680
68264	68	35.34709	1875
15226	15	46.19342	2750
15720	15	60.3994	2600
15106	15	35.01696	1340
68209	68	30.12583	1600
15514	15	38.15136	1500
25368	25	51.13982	300
54125	54	52.79579	2400
27745	27	47.47191	50
54680	54	35.55977	411
44420	44	66.75432	200
15248	15	51.35318	2128
15621	15	41.7103	2075
81591	81	36.10211	140
68425	68	69.27203	2270
15215	15	27.9483	2388
68686	68	61.95988	1890
15500	15	51.64438	2525
15172	15	35.79092	1757
68296	68	42.84725	944
15839	15	46.68192	2800
15808	15	48.0293	2113
17446	17	21.42857	2825
68780	68	44.07543	1740
15092	15	64.02183	2570
68682	68	41.47887	1974
15879	15	38.01775	2500
5501	5	40.62827	400
15696	15	35.80699	2370
91798	91	57.91442	100
68169	68	32.35101	2000
41244	41	33.27311	1500
27372	27	86.2106	5
85300	85	26.63973	450
25328	25	27.60181	1600
63111	63	22.44543	1500
25168	25	44.09369	1023
68298	68	53.6579	2100
50270	50	35.98485	550
54418	54	35.18518	1411
25823	25	63.58052	1300
25339	25	46.74821	2275
15293	15	60.34888	2450
25592	25	39.52815	1300
25299	25	27.26544	2150
68211	68	29.87254	1650
68368	68	43.71681	1890
15403	15	49.63072	2367
15762	15	46.30457	2700
54239	54	34.10516	950
15820	15	29.40089	2900
70230	70	71.03359	280
81220	81	53.90572	102
68549	68	22.61608	1170
25851	25	42.70386	500
25867	25	30.85829	1480
54480	54	37.40557	2600
15218	15	79.64658	2350
95200	95	44.39308	200
50110	50	40.21397	225
68533	68	25.63821	1406
68324	68	36.27016	1970
99624	99	58.43789	125
25489	25	28.99704	1175
25258	25	47.99748	1350
5658	5	21.52188	2550
15131	15	39.04321	2650
15212	15	47.03411	950
25506	25	25.04653	1630
5134	5	100	1725
50124	50	43.99884	175
41026	41	23.58176	1027
68179	68	41.45359	1750
15276	15	46.13999	2500
88564	88	19.69938	5
18479	18	40.27428	258
68266	68	40.87497	1570
15162	15	26.01856	3269
15135	15	44.0507	1300
5475	5	97.08488	25
15798	15	28.23477	1600
15325	15	48.08275	1700
15774	15	55.95137	2484
15425	15	35.23202	1850
95025	95	100	200
68020	68	41.31455	1640
25436	25	37.61174	1900
52385	52	37.11934	2300
5206	5	25.94645	1900
68720	68	56.90774	1150
15377	15	70.15099	1100
5021	5	33.13609	1750
25898	25	30.57341	2550
25777	25	32.95214	1788
15778	15	57.70105	1950
52083	52	28.33876	2450
5150	5	17.41835	1800
68498	68	24.78983	1430
15676	15	31.43645	2543
73770	73	51.94669	275
68468	68	49.00361	2180
15810	15	63.13673	1850
25805	25	37.46781	1625
15673	15	52.08287	2221
68152	68	66.70609	2080
73024	73	39.30855	1306
54347	54	38.10853	2000
15638	15	46.08156	2152
25398	25	68.48708	1230
27660	27	42.02101	1000
15368	15	74.00401	3100
68673	68	35.30177	1200
68327	68	36.97726	1440
5306	5	47.37859	1950
50251	50	41.3512	350
25518	25	59.71906	950
19701	19	77.71698	1750
68397	68	39.07687	1950
41518	41	38.4407	866
54520	54	44.80174	1700
25653	25	37.71162	2100
50350	50	100	233
5873	5	68.34587	7
99524	99	100	100
25524	25	35.9792	925
15537	15	27.60724	2213
15224	15	42.91216	2634
50330	50	100	827
5647	5	37.24423	1400
13580	13	66.73378	10
41078	41	100	612
73461	73	39.615	2950
25120	25	37.4394	1900
86219	86	19.65222	2100
5353	5	28.25814	960
15296	15	44.18652	2750
68092	68	43.21226	1620
68502	68	53.78442	1945
15109	15	45.04254	2197
25491	25	35.26955	1100
15104	15	51.00576	2411
66075	66	28.01056	1550
8549	8	54.03469	250
54871	54	56.06394	1600
54673	54	38.27694	240
15180	15	69.98445	2400
15816	15	43.99686	1650
25288	25	23.42767	2875
15494	15	28.48297	2450
25781	25	29.99565	2600
95015	95	28.51986	233
15690	15	32.73138	900
86755	86	24.81973	2173
81300	81	100	244
5142	5	29.92794	650
68855	68	29.35471	1230
68207	68	39.20782	2005
63212	63	24.81649	1525
52287	52	64.73141	2350
54109	54	64.32541	1100
73547	73	33.50731	433
15897	15	38.07808	1661
5819	5	50.47487	1850
68217	68	43.00213	1510
15051	15	33.25458	2563
5145	5	25	2117
15189	15	29.80769	2400
25335	25	31.68554	972
76845	76	23.40347	1410
86571	86	100	306
25326	25	22.93336	2700
15187	15	49.371	2900
54743	54	41.32841	2750
54377	54	42.94148	1534
50223	50	31.1678	565
73236	73	45.32336	1450
68684	68	56.7956	1979
73873	73	35.46099	1125
15776	15	35.38407	2093
68444	68	30.39094	1580
5086	5	29.04947	2550
73854	73	48.73593	590
52323	52	47.43635	2900
25426	25	45.06671	2108
15185	15	47.31497	1650
68820	68	24.10472	1850
5059	5	39.83084	1500
15272	15	27.59143	2500
15664	15	44.83407	1525
27491	27	66.18781	100
25841	25	32.15138	1820
15464	15	47.14031	3000
15466	15	30.14463	2900
15244	15	54.66996	2700
25019	25	25.78288	2245
86760	86	39.98285	2125
17665	17	25.2327	1750
68318	68	44.70547	2311
68250	68	67.34056	2650
15580	15	53.77992	1200
73152	73	32.54773	1900
54398	54	50.83189	1500
15667	15	33.5263	400
50683	50	39.3827	648
68147	68	46.26664	1100
68162	68	46.14636	2496
50680	50	39.03266	230
68271	68	53.85364	1600
76054	76	29.60448	1512
5856	5	26.24622	1358
15835	15	32.11255	2450
73686	73	29.08949	2270
17388	17	25.77827	1800
25293	25	33.67311	1700
52022	52	36.81181	3013
5315	5	48.21782	1725
68320	68	32.07795	1410
41483	41	42.27642	1475
52233	52	100	1675
18029	18	35.03004	270
73622	73	35.51184	2550
27250	27	77.55017	25
15764	15	46.26042	2799
27135	27	52.54929	35
5044	5	51.33632	625
63548	63	23.85579	1650
15822	15	60.63521	2875
27495	27	45.24226	5
25599	25	37.59081	417
54099	54	29.3056	1058
5113	5	70.30227	1600
63690	63	20.86041	1900
19290	19	46.74094	1500
25862	25	52.13523	1350
27050	27	80.11331	55
25845	25	28.16662	2380
5321	5	14.50622	1891
41349	41	32.67598	595
25797	25	24.17227	1350
5055	5	38.96526	1700
25530	25	38.88194	250
5543	5	74.51007	1200
5885	5	44.94167	1200
52210	52	65.4466	2900
52254	52	54.36806	1650
70204	70	81.5065	160
15367	15	41.83066	2075
54313	54	32.89902	1047
54599	54	44.18099	1555
15757	15	29.13997	2667
27245	27	31.6987	1726
5652	5	49.9201	1250
25281	25	38.92386	2100
18860	18	46.9361	225
15442	15	47.63456	1250
25596	25	42.72497	1448
50590	50	100	200
13655	13	90.42538	25
85230	85	62.83223	131
52354	52	55.42582	2600
15790	15	39.48987	2525
68872	68	34.40259	1470
5036	5	25.97277	1950
91540	91	58.34801	100
52720	52	36.21629	3014
5347	5	34.27201	1450
68377	68	34.01729	2000
73148	73	28.69005	350
85400	85	72.41883	1125
85325	85	53.44911	175
68573	68	50.90586	100
5467	5	33.97427	2200
27810	27	53.39423	94
15332	15	68.53837	2880
15097	15	52.88447	2161
25224	25	40.7276	2590
73226	73	40.53701	460
17495	17	36.66301	727
50150	50	23.4171	400
5792	5	38.94469	1325
15476	15	50.19071	2908
27073	27	84.4874	200
76863	76	18.95318	1900
15223	15	58.45623	357
15681	15	46.71946	678
25099	25	20.783	2600
5264	5	15.26413	2292
73270	73	35.84833	930
73200	73	45.76899	300
20443	20	55.29189	750
15686	15	42.46094	1591
47541	47	68.58233	10
5390	5	37.62761	592
52694	52	57.00442	1750
15232	15	48.99671	2600
17442	17	35.98527	1050
73563	73	40.3269	320
5842	5	63.59377	647
73030	73	34.38724	238
5425	5	35.42169	1100
52506	52	59.18863	2830
13042	13	59.17425	50
63302	63	25.42475	1500
15763	15	37.48409	2650
18460	18	60.76627	207
13760	13	53.22622	5
25178	25	30.33704	2441
41206	41	64.77179	770
13620	13	45.96198	5
5411	5	35.22679	750
85263	85	55.48543	250
13248	13	59.11445	100
27600	27	98.81364	35
27099	27	96.03229	13
54223	54	58.61031	1300
44110	44	56.48777	255
25154	25	39.18836	2950
15804	15	45.89556	2085
13062	13	67.80316	25
25793	25	25.50265	2931
68079	68	30.98996	1284
25394	25	42.75273	1452
25372	25	34.10766	2325
19785	19	80.28422	1125
68051	68	49.19926	1764
25612	25	36.62718	284
8849	8	43.27979	110
25658	25	22.63008	1505
41872	41	39.99726	375
18785	18	52.87419	200
85225	85	64.02021	387
25312	25	18.25101	2250
17867	17	30.66038	675
52051	52	81.83284	2000
52036	52	46.14177	1375
52435	52	46.05804	1809
68745	68	48.17628	1080
73026	73	45.81583	418
5125	5	63.85228	800
5483	5	34.22163	1661
13440	13	76.03297	25
25594	25	39.23341	1400
47605	47	61.70534	5
25662	25	34.14556	1268
50370	50	50.47158	1000
41013	41	44.92048	838
52352	52	60.18566	2950
27075	27	30.18696	34
5107	5	55.03525	1200
15480	15	45.66701	843
19513	19	22.16994	1000
18205	18	44.57526	232
47703	47	73.73414	25
66383	66	24.27137	1500
52573	52	46.14863	2800
68773	68	42.97715	2200
25718	25	24.7695	1191
41801	41	34.44927	853
41885	41	21.84359	681
73347	73	23.42526	2250
15087	15	31.05612	3144
5628	5	60.27853	850
5576	5	30.0221	1800
13268	13	72.86406	25
15814	15	44.45336	2700
15740	15	50.79948	2755
76869	76	21.14542	900
54344	54	79.18434	1000
15507	15	50.66105	1040
41797	41	29.53127	833
13458	13	68.33199	50
25779	25	30.71108	2557
25488	25	24.01077	400
25438	25	42.76059	533
27413	27	71.77899	100
52696	52	100	2
15531	15	61.74033	1121
25645	25	27.60764	1500
76243	76	27.27372	1750
47161	47	63.7289	7
25123	25	21.43153	1650
52207	52	57.64325	1675
27430	27	100	50
73520	73	37.99618	1410
76246	76	29.43593	1800
73043	73	100	1900
15455	15	25.34704	1523
15753	15	40.11125	1960
17616	17	24.6063	1700
52224	52	56.58742	3050
50450	50	100	200
47675	47	53.50899	5
54051	54	52.01029	920
15837	15	32.45895	2600
47205	47	62.60237	25
50400	50	38.39424	700
15542	15	50.118	2600
68895	68	18.10927	1707
25736	25	16.56305	2601
13160	13	61.87564	64
50318	50	19.4239	521
54660	54	43.58724	850
15322	15	25.9552	1810
54174	54	52.58594	2337
70110	70	57.14608	87
68770	68	35.08967	1750
41357	41	44.28919	1122
52390	52	91.45957	5
5091	5	31.245	1500
5313	5	27.25715	2075
76250	76	23.91304	1500
50577	50	59.84275	240
54128	54	49.19867	2020
27425	27	100	25
15183	15	81.21906	2949
15407	15	25.86001	2143
25297	25	38.89329	1750
52885	52	63.39464	2650
27006	27	49.24651	6
73352	73	34.75264	1250
70400	70	61.45164	80
68418	68	40.43591	1295
41503	41	53.29834	1400
20310	20	66.3335	1300
85125	85	57.3092	230
25001	25	20.67224	350
15755	15	72.35216	2400
25035	25	29.98135	689
76377	76	22.68682	1584
19392	19	56.91342	1800
50606	50	17.54228	488
8832	8	35.90261	268
68669	68	35.49724	1607
15693	15	17.13535	2748
15599	15	41.50844	2313
25745	25	22.04943	2543
15842	15	47.35506	2500
85139	85	35.24148	200
50287	50	39.08556	295
54670	54	73.89253	1650
52788	52	54.3787	2403
13894	13	55.92031	21
5190	5	23.75254	1044
19622	19	65.92924	1714
25649	25	27.10235	1750
52203	52	57.41315	1750
25407	25	32.4075	2600
73870	73	28.36069	2000
18756	18	100	200
52520	52	71.3136	1
25053	25	25.2459	1350
25535	25	26.24395	2180
13030	13	68.83263	33
5310	5	39.44886	1750
8770	8	55.39918	7
70124	70	68.05746	20
5690	5	29.07438	1950
25148	25	53.89663	1272
25181	25	24.31446	1920
13188	13	60.8767	20
68500	68	39.60337	1420
68167	68	24.08296	1285
17272	17	26.57228	1575
54385	54	60.73574	174
52411	52	53.9444	1450
5660	5	33.57326	1050
17088	17	28.77621	1600
86569	86	41.37605	272
66572	66	52.91228	1563
41676	41	42.01515	1700
86573	86	37.82451	200
5656	5	34.40164	734
15204	15	38.39669	2825
41660	41	49.43886	1415
68464	68	49.41844	1682
18610	18	49.72085	365
25839	25	49.47454	1900
50711	50	53.8625	390
19693	19	74.95839	2100
5861	5	26.0143	1330
17050	17	20.33665	1908
15600	15	60.22284	2150
41530	41	44.97468	1740
5480	5	60.74059	132
25040	25	26.85896	1650
25279	25	30.36086	1925
47030	47	64.64508	113
27800	27	60.62608	50
66456	66	45.01489	1501
25295	25	20.96466	2563
15806	15	16.18455	2500
52256	52	81.01765	1500
18094	18	47.82852	313
68385	68	48.87206	926
5809	5	27.78324	1550
52540	52	46.55954	1000
52381	52	46.20974	2150
25878	25	38.45916	567
13650	13	69.80206	25
5040	5	48.14007	1550
54250	54	73.11436	150
5649	5	32.4148	1000
70523	70	73.36728	40
5240	5	42.51936	1250
17877	17	20.82488	1000
76403	76	18.73607	916
25486	25	17.16024	2583
44098	44	62.87636	205
70702	70	55.51469	145
73678	73	47.95326	475
5368	5	27.06216	1975
25317	25	32.82252	2750
85162	85	27.23864	430
47798	47	68.16138	20
54245	54	66.5267	950
47660	47	71.05447	140
85430	85	54.9193	166
25769	25	14.01703	2650
25402	25	24.80499	1200
68101	68	56.21445	2130
68229	68	40.20874	1500
41548	41	44.85455	918
19418	19	44.81081	50
76606	76	20.83835	1400
52240	52	47.20492	1961
13780	13	63.48135	16
8675	8	60.00388	7
76020	76	25.55812	1220
13473	13	63.80289	41
25322	25	18.52397	2650
63272	63	18.80956	1800
13673	13	48.3371	33
15632	15	49.19112	2625
13838	13	62.02341	50
25260	25	24.68236	2600
44855	44	62.98046	250
23168	23	62.87307	4
86749	86	20.66094	2137
13212	13	70.23754	20
41378	41	44.6721	1540
13300	13	78.34841	26
8558	8	35.36264	75
52405	52	64.26216	1500
20045	20	56.51382	111
76100	76	30.36922	930
52565	52	64.53181	2300
5038	5	55.15902	1675
52320	52	54.28549	2650
20614	20	49.6588	1165
13222	13	72.06473	62
5858	5	46.32596	1000
76497	76	30.66938	935
41799	41	53.44817	573
52260	52	45.34301	2200
13600	13	76.98473	10
25772	25	23.6229	2600
73671	73	31.65239	311
73055	73	32.63332	331
73067	73	66.4283	450
8141	8	74.21639	13
52560	52	42.60496	2750
54172	54	22.92011	1230
5789	5	28.24831	1500
68255	68	44.92469	445
47545	47	83.15524	25
5364	5	24.28059	1750
66045	66	24.33582	1619
20750	20	40.288	167
66687	66	23.59436	1600
70473	70	61.47697	160
15861	15	28.44929	2642
73675	73	51.3295	1447
25885	25	64.72557	1200
8372	8	30.95301	50
20383	20	54.77276	35
76823	76	29.90196	958
52473	52	84.31736	8
23464	23	63.46885	7
52215	52	71.94325	2800
23090	23	85.95241	50
85410	85	33.73249	475
23350	23	53.64932	40
5893	5	59.05479	100
99001	99	45.61941	51
15491	15	13.54209	2500
66318	66	25.68795	2150
17444	17	26.89805	1275
18410	18	65.28689	237
44378	44	58.68959	179
5761	5	33.55294	660
17513	17	24.88342	1814
23300	23	61.27121	10
25815	25	33.76511	399
5607	5	12.20022	2250
20295	20	50.5239	43
81065	81	41.48244	155
47258	47	61.63307	5
5667	5	35.09837	1011
52258	52	50.21679	1650
20787	20	61.28843	32
15047	15	42.76299	3042
13074	13	74.54186	25
54206	54	45.09837	1020
76126	76	19.11691	1500
19845	19	30.65863	970
8436	8	57.14476	10
5197	5	36.23087	1300
52693	52	33.33557	1750
19585	19	50.68034	2400
76616	76	26.40508	939
25572	25	29.25615	176
13647	13	57.08296	25
76890	76	26.58787	850
19760	19	57.2733	2450
52418	52	68.49361	1550
76670	76	16.52498	975
13667	13	68.9275	27
54820	54	41.67753	1644
52685	52	57.35487	2100
70265	70	76.94455	25
41770	41	45.68507	1000
52612	52	65.90536	1181
23586	23	67.62757	6
15299	15	23.06202	1675
50568	50	65.46901	149
41319	41	36.93913	888
25151	25	30.33959	1698
27615	27	85.21348	22
13744	13	62.00044	25
41791	41	40.8479	840
94001	94	57.52558	94
18256	18	54.22483	346
5093	5	45.35628	1600
68572	68	35.06806	1625
25799	25	16.16643	2600
86757	86	40.62315	535
41615	41	32.32226	700
27205	27	62.57659	50
52621	52	72.92028	69
52019	52	45.53115	1700
52699	52	67.98079	2500
68235	68	51.07993	775
25873	25	25.85132	2724
27077	27	78.27753	5
5585	5	31.94085	131
68861	68	34.04668	2133
5591	5	33.6503	152
52427	52	82.52476	23
52317	52	39.8917	3087
20517	20	51.26751	75
5541	5	21.52913	1891
17524	17	25.85262	1600
76828	76	22.7918	1308
20770	20	46.86002	113
70717	70	57.27237	137
54800	54	56.53291	1000
76036	76	18.4434	956
47170	47	72.25111	100
25200	25	13.16113	2620
86885	86	35.67783	426
5400	5	18.3985	2472
73861	73	34.91769	332
17433	17	28.12707	2075
23419	23	85.38368	7
76306	76	18.10308	1036
19809	19	73.18531	10
20570	20	83.40221	1100
19364	19	72.94525	2250
8560	8	50.03405	8
52585	52	40.94317	2900
25245	25	21.3193	980
13683	13	91.89804	50
17653	17	18.84637	1793
19022	19	88.53701	2200
70823	70	55.84912	68
50226	50	23.3004	412
52378	52	71.6679	2500
5138	5	57.08539	1298
5642	5	38.58158	1250
5002	5	33.85112	2275
19450	19	69.04991	1156
13873	13	86.43401	112
47692	47	66.34691	22
15646	15	30.86286	2604
97001	97	51.77953	182
70235	70	53.10767	55
20032	20	70.85836	75
20550	20	55.36114	70
5890	5	40.62873	1462
52687	52	57.30759	1950
13810	13	86.48026	25
52786	52	55.11098	1375
25758	25	8.943572	2574
76113	76	21.31054	941
73408	73	27.34541	345
73124	73	28.34117	1814
17662	17	32.92857	1250
5237	5	18.7208	2200
25183	25	39.97539	2656
73483	73	47.04027	326
41807	41	31.45388	1011
18592	18	46.20456	250
41016	41	38.01141	391
5854	5	54.49087	1064
19780	19	59.50628	1250
19824	19	60.96853	2600
68655	68	33.22291	135
70418	70	54.6797	184
25214	25	13.88114	2561
13006	13	80.74274	24
47268	47	59.21975	20
5670	5	38.11574	1427
18150	18	51.56536	242
76041	76	30.97474	964
66440	66	28.19773	1600
18247	18	42.33807	373
25743	25	24.62319	1468
52110	52	58.6435	1960
23079	23	61.34454	56
5495	5	68.12907	35
5284	5	44.36635	1500
27787	27	86.86078	78
50689	50	26.98631	421
20621	20	49.34446	66
73624	73	45.96052	875
25785	25	12.39689	2600
5674	5	29.92285	2200
5209	5	39.21983	1950
15469	15	30.87877	1669
8137	8	62.86484	7
5664	5	17.87154	2471
68432	68	21.24009	2206
99773	99	82.43018	161
54720	54	53.29685	300
5282	5	24.51823	1820
13654	13	94.38198	239
20710	20	34.2606	120
17013	17	22.9903	2181
20250	20	61.81672	37
5234	5	66.48932	412
85440	85	31.9227	300
54261	54	42.93039	204
20400	20	55.65174	140
5042	5	44.10495	570
19532	19	34.39163	987
5031	5	45.28549	1500
44090	44	66.52345	3
73349	73	18.82771	206
25377	25	13.3576	2581
20178	20	53.5151	33
70678	70	67.05502	22
70771	70	80.30408	19
23678	23	66.21582	12
23574	23	84.5985	9
13140	13	71.98749	8
25875	25	21.33599	799
17541	17	23.60696	2100
52683	52	42.31712	1800
5604	5	47.565	728
25513	25	22.21868	1791
70508	70	55.5018	258
13549	13	81.05133	20
8685	8	33.8413	6
5679	5	28.45821	1806
25386	25	23.68718	1275
52227	52	40.34258	3100
25817	25	20.00601	2564
8421	8	50.54326	31
8606	8	52.33124	10
13433	13	53.67523	10
5361	5	65.21512	1750
17777	17	24.29828	1184
47318	47	63.88407	24
41359	41	46.62566	1900
5659	5	75.86115	7
47707	47	66.4891	25
73585	73	33.44273	310
44874	44	47.57145	235
68615	68	39.30605	655
19075	19	62.12908	1500
8634	8	39.8795	6
8520	8	37.66357	4
47745	47	66.88611	5
41020	41	49.20156	1078
63190	63	17.22969	1773
19212	19	53.58059	1052
19473	19	62.29279	1500
20238	20	51.16554	135
81794	81	100	325
73275	73	21.40236	290
47570	47	57.75762	1
66088	66	24.07263	1500
41524	41	30.21684	549
23500	23	77.14455	3
73616	73	65.9461	1250
8573	8	24.74015	4
15516	15	18.07329	2513
41006	41	64.09977	1563
19110	19	57.8929	1200
13670	13	65.92719	75
44078	44	54.14677	149
73555	73	60.16725	1224
5030	5	27.06904	1400
13688	13	55.42506	600
68077	68	18.79913	1579
85010	85	26.69142	278
17486	17	22.55517	1965
41306	41	30.70357	808
19397	19	70.62445	2200
85250	85	43.56107	275
5697	5	20.73322	2137
52399	52	38.03919	1727
5101	5	29.97798	1180
20228	20	47.88839	61
19355	19	68.44006	1800
76122	76	15.93503	1167
5895	5	64.29899	67
73217	73	71.74078	358
52490	52	65.55721	0
44650	44	44.78799	216
25740	25	16.65292	2574
68406	68	25.99177	1013
23672	23	65.63916	42
70820	70	47.46004	4
66594	66	33.47292	1850
19807	19	36.04089	1798
70742	70	51.17588	140
44279	44	43.37181	181
73283	73	28.20139	1478
73504	73	64.03788	400
25320	25	29.84107	992
52250	52	80.99606	2
68689	68	29.14766	652
76233	76	24.98345	827
41668	41	42.48952	1627
73449	73	16.57529	324
8296	8	39.19304	87
5120	5	66.80632	114
76400	76	18.4075	963
5686	5	23.51899	2588
76318	76	21.42453	966
50573	50	32.79528	184
27025	27	97.17915	50
47058	47	59.21649	187
68755	68	15.0655	1215
19821	19	61.80844	1700
63401	63	22.38146	1175
76622	76	18.41887	945
66400	66	23.7013	900
19256	19	53.44505	1750
73443	73	23.50257	496
23675	23	70.70708	4
27361	27	88.0769	47
54810	54	56.7629	55
73319	73	33.94154	321
20060	20	50.19558	83
68575	68	48.97686	65
20175	20	66.63679	30
19137	19	69.87498	1700
63594	63	22.09505	1315
5665	5	82.49716	434
68190	68	45.7389	159
70429	70	73.96081	22
54003	54	48.44078	1395
17614	17	23.81922	1783
19517	19	64.2651	1400
41132	41	26.67393	531
19743	19	50.28635	2750
13657	13	67.8703	166
19130	19	63.73936	1800
5051	5	72.39527	6
86865	86	39.165	720
23570	23	63.03616	120
52079	52	73.86848	24
25843	25	20.94154	2559
17042	17	19.07585	1765
19455	19	50.2836	1094
5847	5	40.20036	2000
23855	23	76.17437	55
47551	47	47.55604	4
47053	47	61.39894	33
5756	5	33.74855	2492
5736	5	41.36702	681
19318	19	87.41807	4
23686	23	63.39525	9
23580	23	64.41105	90
81736	81	34.14998	224
5790	5	61.97091	97
5318	5	17.72545	2138
19548	19	37.98064	1865
5887	5	28.25643	2269
76895	76	17.33832	917
5034	5	30.49314	1350
63470	63	22.85505	1150
91001	91	37.64687	82
76736	76	18.23319	1613
5579	5	38.42953	113
73411	73	29.83397	1600
70670	70	70.7484	160
86001	86	27.91274	605
5308	5	15.43322	1400
19142	19	48.93775	1100
52838	52	41.31845	3051
86320	86	51.11089	361
5148	5	17.95616	2150
19100	19	67.00062	1700
5079	5	21.72874	1305
18753	18	53.98063	250
95001	95	42.40459	189
68679	68	11.14	1117
25126	25	12.73772	2558
5250	5	50.75461	50
5631	5	6.838155	1600
5376	5	13.75298	2143
23182	23	53.77808	122
17873	17	12.49947	1944
23068	23	61.54869	26
13468	13	51.62512	20
5440	5	14.56088	2088
88001	88	42.4528	20
86568	86	30.70082	253
73168	73	47.6475	853
5380	5	11.63605	1764
70713	70	65.10306	34
8078	8	26.81753	116
5147	5	43.16624	34
76563	76	23.80073	1058
19573	19	18.0454	1000
13442	13	59.98514	12
17174	17	18.58036	1378
47555	47	63.60975	14
76248	76	18.68504	988
52678	52	58.03037	1450
15572	15	39.31081	144
23189	23	61.84373	13
50313	50	27.62748	333
70708	70	58.12355	20
5490	5	77.80316	6
20013	20	51.43758	131
50006	50	22.67979	523
41396	41	44.51321	1018
15176	15	17.86932	2565
76275	76	21.62512	1038
47245	47	63.64659	35
47980	47	44.22479	20
70215	70	44.84469	150
5212	5	9.752891	1400
25286	25	13.41074	2548
13052	13	58.83276	62
47288	47	44.13585	45
13836	13	49.62344	179
25430	25	13.61956	2550
5129	5	13.01516	1751
44560	44	79.74842	3
25473	25	11.05877	2543
13244	13	93.44722	155
66682	66	19.24668	1701
23555	23	58.45458	87
23670	23	82.46787	117
63130	63	14.45871	1537
73268	73	27.92772	323
54405	54	18.73472	403
17380	17	25.07334	176
76130	76	14.50769	975
81001	81	33.7285	128
41298	41	30.9302	830
54874	54	22.84954	435
5172	5	40.15412	31
23466	23	45.11231	39
54518	54	15.04694	2288
19698	19	33.59858	1071
23162	23	50.4292	12
25307	25	20.09385	289
23807	23	73.29467	51
8638	8	39.14104	99
23660	23	53.8019	83
54498	54	26.16151	1205
20011	20	41.89823	152
76892	76	17.94504	998
5615	5	12.46203	2088
76364	76	15.62613	970
25175	25	7.111874	2557
25899	25	13.0009	2611
15238	15	8.993239	2532
76111	76	11.5553	967
47189	47	43.81378	3
25269	25	13.08555	2586
5154	5	52.40959	51
8433	8	31.8441	10
44430	44	68.35981	51
25290	25	17.44027	1728
41551	41	37.08127	1271
85001	85	24.47203	355
52356	52	30.6606	2897
15759	15	11.59993	2492
23417	23	64.69856	6
44847	44	96.04711	23
76147	76	15.68975	917
68547	68	14.35566	1009
13430	13	54.38706	20
68307	68	15.37061	703
18001	18	26.84626	266
5837	5	67.38367	0
27001	27	89.47171	32
5266	5	5.430319	1566
5045	5	24.53383	28
66170	66	13.2847	1479
15001	15	12.01165	2778
52835	52	48.70277	3
76834	76	15.74559	974
44001	44	49.10156	3
68081	68	22.32622	81
5360	5	8.791079	1578
63001	63	13.21273	1483
70001	70	42.01981	213
76520	76	12.74891	1003
68276	68	9.428273	930
19001	19	18.07366	1738
41001	41	17.70087	442
17001	17	10.0311	2126
76109	76	35.85099	6
5088	5	10.58263	1447
20001	20	32.74492	169
25754	25	16.16411	2555
52001	52	16.1953	2559
50001	50	17.07103	467
23001	23	44.50832	17
66001	66	13.36563	1415
47001	47	29.02846	2
8758	8	24.06808	14
73001	73	16.23216	1286
68001	68	11.55109	960
54001	54	23.24142	325
13001	13	26.0106	1
8001	8	17.71819	32
76001	76	11.00675	991
5001	5	12.42409	1475
11001	11	9.203009	2600
