X	Y	Magnitud	Marcas
465012,56	688178,39	2,5	A
495096,64	662589,89	1,9	A
520705,1	628160,95	3,4	A
520712,38	632596,51	1,7	A
550893,2	662477,59	2,4	A
555627,36	772206,55	1,9	A
556477,17	665792,42	1,8	A
571977,32	583752,39	4,1	B
572147,72	693469,56	1,7	A
578857,44	702320,84	1,8	A
582101,4	649122,82	1,6	A
584328,34	646902,98	2,5	A
586558,8	646899,43	2,9	A
588613,93	1294053,91	3,3	A
588996,98	746621,79	1,9	A
589911,47	651326,35	2,5	A
592127,9	642458,55	1,7	A
595648,85	732200,69	2,3	A
596219,14	1276261,22	1,8	A
596531,69	598132,85	3,1	A
601016,99	619178,71	3,9	B
607061,55	827451,62	3,3	A
608988,88	716659,21	2,5	A
612406,84	748778,53	1,5	A
612460,82	769827,01	1,9	A
613157,08	1319342,84	2,4	A
616587,49	579280,22	2,6	A
617240,95	1274992,19	3,2	A
620168,21	732143,54	2,5	A
623331,58	630228,36	2,8	A
624567,43	704441,46	1,3	A
625772,99	746530,81	2	A
627006,56	793050,12	2,2	A
634343,1	1342442,63	2,5	A
634454,36	608062,69	1,5	A
634471,74	623568,74	2,4	A
634919	832901,96	2	A
636684,04	608060,36	1,4	A
636793,95	686696,72	1,3	A
636815,94	698879,86	2,1	A
638579,72	1318039,45	2,2	A
640143,18	690013,47	1,4	A
640226,84	1046648,56	3,6	B
640495,94	1277039,68	3,6	B
641428,78	770860,22	1,6	A
641944,77	1158509,34	1,6	A
643083,75	1329083,28	2,5	A
643114,19	946953,27	2,3	A
644114,45	918153,26	1,9	A
644659,09	721015,14	2,1	A
644903,53	820689,07	2,5	A
647818,11	1212746,89	2,1	A
648902,74	550461,33	2,6	A
650217,01	714359,43	1,9	A
650609,75	1121909,61	2,7	A
651772,67	881578,79	3	A
652973,53	907045,93	2	A
653506,36	684453,34	2,2	A
653789,12	812911,79	2,2	A
653994,49	880463,92	2,8	A
654999,93	1294661,12	1,8	A
655053,26	1122992,99	2,3	A
655241,32	1328994,48	2	A
655283,2	930293,67	2,2	A
657020,51	1074253,77	2,3	A
659173,73	1256976,69	2	A
660730,03	898159,59	2,1	A
661175,42	568172,23	1,2	A
662073,93	961274,87	1,8	A
662696,82	1287963,73	2,1	A
663758,83	1281311,73	2,8	A
663997,84	1316749,89	2,2	A
667306,37	1315619,73	1,9	A
668913,46	1003326,35	3,3	A
669275,18	1279060,77	2,9	A
670745,82	899233,19	2,1	A
671910,51	914731,1	2,8	A
673421,21	537162,83	2,1	A
673442,24	577022,15	2,4	A
673445,36	581450,97	2,6	A
673453,88	592523,01	2,9	A
674082,97	899222,16	2,7	A
674595,07	621309,18	1,7	A
674647,59	664489,87	2,1	A
675163,08	889253,48	2,3	A
675269,87	921363,07	2,1	A
675996,94	1292306,22	2,1	A
676907,38	1261294,21	1,6	A
676910,3	687737,56	1,5	A
677687,65	974501,75	2,6	A
678272,76	1302257,84	2,7	A
678521,64	895886,04	2,1	A
679226,39	1075254,61	2,4	A
679651,87	901418,4	3,1	A
681880,02	902518,37	2,1	A
682912,67	1148315,29	2,4	A
683817,81	800654,21	1,9	A
684111,66	904725,49	1,9	A
684151,58	916904,15	2,5	A
684208,6	1183740,54	2,4	A
684931,06	800651,52	2,2	A
685150,55	1339862,32	4	B
685267,32	918007,6	1,8	A
685757,85	639011,35	1,7	A
686036,38	797327,5	1,9	A
688916,44	1233540,33	2	A
689131	1270078,12	2,6	A
689136,35	667791,41	2,1	A
689314,18	1299972,96	1,8	A
689408,01	810604,66	1,8	A
690753,68	894740,34	2	A
691363,05	666681,35	2,4	A
691854,55	1162663,06	2,1	A
691886,54	901379,41	2,2	A
691923,39	1175948,89	2,2	A
692403,63	1262308	2	A
694655,27	623502,96	2	A
694727,64	1281116,83	1,9	A
694924,55	789557,39	2	A
695189,3	890298,5	1,8	A
695254,24	911332,54	3,2	A
697450,77	902469,22	2,4	A
699193,68	689917,85	1,4	A
699780,54	935673,05	2,1	A
700088,88	1020914,59	2,6	A
700093,24	1022021,63	1,6	A
700382,36	1302119,44	3	A
700692,29	1351940,75	3,1	A
701725,45	840463,92	2,7	A
702074,51	956698,89	1,8	A
704412,82	1233453,72	2,4	A
704616,66	1269987,33	2,5	A
704659,28	1053000,53	2,8	A
704843,51	1096174,28	2,6	A
705908,85	710939,91	2,3	A
707332	857053,92	1,9	A
707547,03	1198010,42	2,9	A
707775,2	1241185,08	2,5	A
707793,31	1244506,23	2	A
708346,48	1134904,75	2,1	A
708447,46	858157,92	1,3	A
708881,83	1241179,07	1,9	A
708997,43	1262212,9	2,3	A
709047,05	1271069,3	2,1	A
710455,07	762957,41	1,7	A
710909	1205742,56	1,6	A
711765,55	1154815,09	2,5	A
711927,32	909067,33	2,8	A
712207,61	1242268,19	2,7	A
712219,51	1244482,22	2,7	A
712291,63	1257766,44	2,1	A
712309,85	1261087,5	2,8	A
712322,05	1263301,54	3	A
713124,04	936736,91	2,3	A
713274,85	982120,73	1,2	A
714208,57	1201297,69	2,7	A
714362,23	1231186,4	1,6	A
714391,38	1236721,38	2,9	A
714538,08	1024179,95	4,7	B
715405,9	1219003,78	2,9	A
716698,71	1254421,43	2,6	A
716710,61	1256635,41	3,3	A
717327,64	850386,66	2,4	A
717480,45	906837,18	2,6	A
717705,59	1235596,96	1,4	A
717856,95	1020846,77	1,9	A
717949,12	1045198,67	1,6	A
718734,37	953322,65	2	A
718959,24	1018628,89	1,9	A
719104,33	1289832,77	2	A
719217,76	671073,16	2,6	A
720029,31	1256617,64	1,7	A
720082,67	1266580,3	1,9	A
722155,22	979876,53	1,3	A
723681,33	677708,43	2,6	A
723765,8	735261,97	2,7	A
724173,99	914565,83	2,8	A
724270,22	946663,95	2	A
724413,74	1248845,8	2,2	A
724471,55	1259915,06	1,5	A
725139,74	860328,68	2,6	A
725555,61	999788,44	1,4	A
726136,08	810519,97	2,3	A
726958,68	616831,92	1,9	A
727717,3	982071,69	2	A
727927,06	1041840,2	1,9	A
728023,7	1067297,39	1,9	A
731053,6	983167,52	2,6	A
731224,97	1032973,47	3,4	A
731607,72	1351752,96	1,6	A
731787,48	1171326,36	1,7	A
731878,22	885767,7	2,4	A
732242,55	1265409,28	1,9	A
732592,59	678804,02	2,2	A
732792,23	800545,02	1,2	A
733174,46	951063,84	1,8	A
733848,3	1135898,08	1,7	A
734292,43	953274	2,1	A
735338,29	931135,59	1,2	A
736155,36	1156917,96	1,9	A
736671,86	1266493,53	3	A
738547,53	884643,74	2,4	A
738691,78	937766,4	1,5	A
738752,33	1239918,63	2,7	A
738757,27	959901	2,2	A
738868,64	995316,54	2,8	A
739095,22	1060614,66	1,1	A
739871,73	961004,36	1,8	A
740304,5	1087172,62	1,8	A
741516,95	690966,51	2,2	A
741903,17	892382,17	2,3	A
742345,34	1038467,89	2,2	A
742866,87	829298,48	5,3	B
743432,37	1031823,72	2,6	A
743466,91	1041784,18	1,8	A
743717,55	1109294,64	2,6	A
744051,32	861389,55	2	A
744506,59	1285270,31	2,1	A
745475,56	1257595,19	2,6	A
745759,03	1314041,36	1,2	A
746549,67	1250949,24	2,2	A
746674,74	1005251,77	2,3	A
747585,78	938847,84	2,5	A
748221,17	708664,05	1,7	A
748690,95	936631,42	2,8	A
748819,64	980897,9	1,4	A
749845,75	952121,47	2,1	A
749917,05	976467,89	1,8	A
750898,51	931092,08	2,8	A
751352,28	1074957,54	1,7	A
752009,9	931089,08	3,5	B
752080,3	1250923,08	2,3	A
752153,51	1266417,34	2,2	A
752202,63	997487,52	2,5	A
752276,47	1020727,19	2,1	A
753142,27	938832,47	2,1	A
753344,24	1007443,85	2,3	A
753431,37	1301827,58	3,2	A
754241,56	934402,96	1,8	A
754660,79	1069412,39	3,5	B
755227,51	1431312,98	3,2	A
755393,48	1249800,95	4,3	B
756455,37	931077,19	2,4	A
757540,74	921114,89	2	A
757844,97	1026242,44	2,3	A
758813,02	979761,47	1,8	A
759885,69	966479,15	2,1	A
760058,07	1024022,14	1,5	A
761057	987501,12	2,6	A
761063,51	989714,3	1,8	A
761108,06	1289616,2	1,9	A
761994,97	924423,23	3,3	A
763160,84	1255299,13	2	A
763190,81	1261939,1	2,9	A
763265,36	983068,34	3	A
763562,39	1077127,92	1,5	A
763612,38	1091513,69	2,1	A
764382,53	1280747,28	2,9	A
764427,71	1000770,21	2,9	A
764928,22	1147946,43	1,5	A
765101,68	1423510,26	2,2	A
767056,95	615694,05	1,8	A
767313,45	814863,74	2,5	A
767565,74	929941,87	2,1	A
768532,41	867974,05	2	A
768647,03	1245314,97	2,4	A
769850,83	954279,73	2,9	A
769939,49	1287361,81	2,9	A
770473,49	696464,06	1,5	A
770650,92	814857,57	3,5	B
771613,82	718592,14	2,9	A
772195,07	1297311,36	2,1	A
772229,17	1010706,18	4,7	B
772275,24	1026197,52	1,7	A
772867,88	810427,61	1,7	A
773105,89	923289,04	2,2	A
773755,8	1137954,16	4,5	B
775092,88	810423,64	2,3	A
775265,02	1240860,31	2	A
775655,25	1042785,16	1,8	A
775932,49	547089,03	2,9	A
777449,96	1234211,72	1,6	A
778275,59	704200,14	1,8	A
778426,47	808204,88	4,8	B
778432,27	811524,21	1,8	A
778834,67	990770,32	2,3	A
779973,93	1307235,83	1,8	A
780497,02	699771,91	2,7	A
780503,35	705303,98	2,3	A
781611,53	700877,06	1,5	A
781956,28	1254111,45	2,4	A
782567,41	1122431,69	3,7	B
783270,46	988545,4	3,7	B
784395,66	994074,66	1,9	A
784761,89	1115785,31	1,3	A
784936,94	687596,68	2,1	A
785022,5	757299,21	2,3	A
785101,3	808193,47	1,7	A
785454,33	1297252,61	2,6	A
785863,04	1113568,69	2,7	A
786060,83	697552,94	1,5	A
786070,68	706403,98	4,2	B
786578,7	979685,14	1,8	A
787146,1	669892,42	2,7	A
787552,72	923255,11	2,1	A
787644,61	961979,57	2,4	A
788289,69	699763,26	3	A
788308,5	716358,78	1,7	A
788958,53	1038319,83	3	A
789412,71	708612,94	2,3	A
789860,73	959761,29	2,9	A
790514,92	698654,49	1,3	A
791628,13	698653,3	2	A
791642,75	711929,49	2,7	A
791644,01	713035,84	2,5	A
792074,41	1295011,55	1,9	A
792747,28	704183,83	2,6	A
792755,87	711928,23	1,1	A
793457,25	1059329,01	2,7	A
793872,74	715245,98	2,5	A
794974,79	705287,74	2,2	A
795335,29	1281720,12	2	A
795344,19	1283933,08	2,8	A
795635,08	1044939,44	2,3	A
796757,03	1049361,9	3	A
797683,81	979657,23	1,8	A
798772,95	970803,65	1,6	A
799432,06	709708,19	2	A
800116,33	1060416,34	1,8	A
802040,31	1300503,48	2,5	A
802864,89	1226368,3	1,7	A
803848,04	672089,92	2	A
803943,62	1218619,48	1,8	A
804989,46	701958,33	2,3	A
805003,35	715233,64	1,8	A
805084,02	780504,17	2,7	A
805208,33	859050,81	2,8	A
806112,85	711913,63	1,4	A
806195,06	779396,34	2,4	A
806601,6	994018,12	1,2	A
807438,05	1267289,36	4,1	B
807475,25	1277247,05	1,5	A
808617,93	1287200,58	1,7	A
809456,6	716335,14	2,9	A
809628,66	1261749,23	1,7	A
810815,5	1283873,07	2,1	A
812893,13	795980,97	1,8	A
813096,71	916562,95	1,2	A
813928,81	735136,41	2,3	A
813945,41	749517,44	1,8	A
814149,53	885585,5	1,7	A
814385,96	999531,19	1,7	A
815288,49	1298239,7	1,5	A
816409,54	1302661,13	2	A
817255,46	724070,56	2,2	A
817537,19	914341,82	2,8	A
817545,69	918766,8	1,4	A
817961,04	1096876,01	1,5	A
817994,64	1109045,26	2,1	A
818368,37	724069,39	1,4	A
818420,35	769424,05	2	A
819510,4	750617,14	1,9	A
819761,65	915443,83	2,8	A
820642,8	767208,89	1,1	A
822842,32	745082,37	2	A
824208,33	916541,74	3,7	B
824684,05	1123408,52	1,3	A
825103,85	776052,97	1,8	A
826169,89	735123,14	1,8	A
826370,26	1308156,96	2,1	A
826451,07	927599,7	2,2	A
826568,33	986228,94	1,3	A
827299,31	750608,33	1,7	A
827510,26	898836,5	5	B
827678,57	986226,59	1	A
827801,52	1396660,71	2,8	A
828826,61	1003923,63	3,7	B
829545,95	769410,59	1,9	A
830600,51	714101,69	2,7	A
830608,93	722950,89	1,7	A
830611,08	725163,19	2,1	A
830618,78	732906,24	1,7	A
830659,77	770515,45	2,3	A
831729,36	730692,83	2,9	A
831760,94	760558,8	1,7	A
831762,18	761664,95	2,6	A
832369,74	1095731,96	1,8	A
833957,13	732902,9	1,5	A
833959,33	735115,17	1,3	A
835089,13	751706,04	1,9	A
835097,47	759448,97	2,1	A
835102,35	763873,51	2,4	A
835521,66	1020502,21	1,5	A
836187,03	737325,21	2,4	A
836288,03	1301485,21	1,7	A
836821,32	1449731,57	2,3	A
837322,62	759446,55	1,3	A
838446,05	769400,44	1,9	A
839720,35	889966,89	1,5	A
840032,31	1053677,94	1,5	A
840226,89	1476271,06	3,5	B
840654,54	753912,45	1,5	A
840666,22	764973,54	2,2	A
840814,82	1334658,98	1,7	A
842897,18	770501,67	2,4	A
844004,92	766076,08	2	A
844133,35	1336860,57	2,4	A
844473,87	1055880,5	2,9	A
845111,65	760544,45	1,4	A
847325,69	749481,37	2,3	A
847326,77	750587,45	1,8	A
847825,08	1066934,81	1,5	A
848436,16	747268,14	1,1	A
849048,56	1117815,37	3,6	B
849551,95	750585,29	2,4	A
849823,29	952999,33	1,5	A
850668,8	755008,49	2,3	A
851780,28	753901,35	1,6	A
851782,42	756113,47	1,3	A
851787,84	761643,78	1,4	A
852909,17	770491,16	1,6	A
854006,42	755005,27	1,4	A
855146,43	782655,48	1,9	A
856232,52	756109,22	2,1	A
856238,84	762745,49	1,6	A
856525,73	976215,92	1,3	A
857349,2	760532,34	2,3	A
857353,44	764956,5	2	A
858449,49	747258,86	1,4	A
858469,08	768273,54	1,6	A
858472,31	771591,66	1,5	A
860684,58	758317,15	1,7	A
860754,07	1358933,27	1,8	A
861763,27	1326850,22	2	A
862130,86	1446321,82	1,8	A
862905,57	753891,05	1,8	A
862922,9	772693,38	1,8	A
863578,73	1174194,95	2,3	A
863852,18	1283703,14	4,4	B
864016,13	751678,03	2,4	A
864039,48	777116,4	2,3	A
865213,38	835734,3	1,8	A
865231,56	851218,65	1,9	A
865707,23	1135476,1	1,6	A
866123,98	1306926,66	1,3	A
866252,88	764948,18	2,6	A
866501,98	966244,87	1,9	A
867065,04	1243873,15	2,3	A
867258,27	1317985,32	2	A
867355,57	753887,15	1,7	A
867383,8	784855,27	1,9	A
867462,79	857852,11	3	A
867588,6	950758,55	1,5	A
868103,79	1216217,22	2	A
868212,04	1260462,45	1,9	A
868312	1299177,61	2,7	A
868356,33	1315770	1,9	A
868389,41	1327937,81	2,5	A
868719,25	964029,33	1,9	A
868734,71	973983,69	1,2	A
868745,19	980619,95	1,3	A
869063,23	1150954,34	1,3	A
869844,12	1448509,68	2,1	A
870399,51	1613342,99	2,7	A
870523,8	1300277,97	2,6	A
870678,89	1357798,32	1,8	A
870712,36	776004,15	1,5	A
870946,68	968450,08	1,2	A
870993,01	1463993,37	2,4	A
873575,51	1189658,02	2	A
873800,91	1285889,71	2,4	A
874130,48	1408673,21	1,7	A
875154,87	768258,33	2,2	A
876479	955169,66	1,5	A
878459,29	1379900,48	3,1	A
878702,98	957378,54	1,8	A
879610,74	775996,33	1,5	A
881007,71	1014887,61	1,5	A
881111,94	1535867,25	2,4	A
881845,63	788159,99	2,1	A
881870,72	815808,98	1,4	A
882063,46	978387,84	1,1	A
882951,24	780417,35	2,2	A
882967,48	799218,58	2,9	A
883216,96	1008248,2	1,5	A
884075,68	794793,78	2,5	A
884556,75	1145392,87	1,1	A
885387,73	973959,22	1,6	A
886297,09	791474,03	2,7	A
886298,03	792579,98	1,9	A
886302,75	798109,7	1,5	A
886345,85	844559,56	1,6	A
886455,83	941884,34	1,3	A
886499,41	975063,69	1,6	A
886779,9	1149812,9	1,1	A
887405,56	787049,34	2,2	A
887526,31	1473900,61	1,6	A
888630,98	903172,85	2	A
889632,58	790365,33	1,6	A
889636,22	794789,06	3,1	A
889753,55	1483850,16	3,1	A
889864,32	1000496,67	1,3	A
890092,23	1144276,72	1,2	A
890707,11	739491,8	2,3	A
892964,63	784833,03	1,9	A
892969,85	791468,57	1,8	A
893222,6	1021505,58	1,6	A
894267,62	972841,56	1,4	A
895344,27	945191,37	1,6	A
895346,88	947403,27	3,2	A
895419,13	1004913	1,4	A
896437,07	929706,86	1,7	A
896448,39	939660,35	2,2	A
896527,4	1003805,57	1,4	A
896530,31	1006017,5	1	A
897706,53	1054678,5	1,4	A
897830,62	1623209,99	2,8	A
898855,53	1082326,26	2,8	A
898950,33	1143155,58	1,5	A
899301,79	1331181,33	1,5	A
899348,94	1353302,89	3,5	B
901569,25	1359934,65	2,1	A
901912,57	848968,8	1,5	A
902008,52	946289,71	1,7	A
902262,36	1136514,31	1,7	A
902279,82	1147574,2	1,6	A
902961,22	766025,42	1,8	A
902961,95	767131,32	2,7	A
903380,28	1143148,5	1,5	A
903765,99	1355505,71	4,3	B
904106,32	812472,2	1,4	A
904112,29	820213,48	2,6	A
904198,32	916427,42	1,7	A
904492,91	1146464,73	1	A
905449,13	1039184,55	1,7	A
905473,68	1057985,69	1	A
906293,9	759387,97	2,4	A
906326,05	806941,07	1,3	A
906340,21	825741,23	3,1	A
906352,48	841223,75	1	A
906499,32	990521,9	2,4	A
906586,95	1061302,08	1,4	A
907613,01	993838,41	1,8	A
907790,61	1129870,07	2,6	A
908579,26	845645,54	2	A
908735,55	1004896,41	3,2	A
909020,39	1209499,14	2,4	A
909197,15	1311252,69	2,7	A
909676,36	826844,57	2,6	A
910023,53	1142032,5	1,3	A
910192,19	1249313,41	2,2	A
910277,14	1297978,27	1,7	A
910776,14	810255,53	2	A
911887,28	809148,88	2,6	A
911895,87	821313,53	1,2	A
912051,14	992727,51	1,7	A
912070,82	1010422,22	1,5	A
912120,27	1052447,49	2,5	A
912408,49	1252627,73	2,7	A
912410,33	1253733,73	2,7	A
912545,29	1331155,3	1,9	A
912998,44	808042,24	1,6	A
912999,19	809148,11	1,4	A
913003,01	814677,48	1,7	A
913004,55	816889,23	1,9	A
913083,92	915312,98	1,3	A
913176,72	1007103,22	2,4	A
913279	1092259,91	1,2	A
914108,87	805829,74	1,8	A
914120,25	822417,83	1,6	A
914142,2	852276,49	2,1	A
914296,14	1015949,33	1,6	A
914306,08	1024796,69	1,9	A
914500,45	1175205,16	1,7	A
914696,47	1299076,54	2,1	A
915221,54	806934,87	1,4	A
915269,18	872181,46	1,8	A
915420,43	1029219,12	1,5	A
915473,7	1074562,1	1,5	A
915481,86	1081197,71	1,1	A
916316,86	780393,42	1,9	A
916427,22	927474,78	1,5	A
916513,96	1014840,98	1,2	A
916630,56	1113268,55	2	A
917446,82	809145,15	1,7	A
917451,17	815780,33	1,6	A
917989,56	1286904,86	1,8	A
918564,46	817991,33	1,1	A
918602,23	871072,97	2,2	A
919015,33	1236027,35	2,2	A
919839,08	1011519,73	1,6	A
919851,8	1023684,7	1,7	A
920805,77	844530,53	2,1	A
920939,7	1002671,38	1,9	A
920954,31	1017048,11	3,2	A
920964,65	1027001,25	1,9	A
920991,97	1052437,19	1,5	A
921018,03	1075661,47	1,1	A
921028,23	1084508,85	1,7	A
922036,45	989399,53	2,1	A
922104,53	1055753,72	2	A
922451,07	1314547,98	1,9	A
923181,07	1024787,15	1,9	A
923200,5	1043587,52	1,8	A
924124,89	820199,5	1,8	A
924254,12	987185,65	2	A
924334,15	1066810,44	2,3	A
925221,19	793658,5	2,6	A
925420,93	1045797,03	4,1	B
926379,78	868855,59	2,2	A
926385,15	876596,59	2,3	A
926919,31	1348827,44	1,9	A
927462,88	824620,86	1,8	A
927556,19	955112,17	1,3	A
927630,29	1036947,61	1,7	A
928769,02	1066805,79	2	A
929678,82	811349,48	2	A
929859,23	1048004,41	1,8	A
929862,45	1051322,09	2,1	A
929878,84	1067910,57	1,2	A
930129,26	1279144,75	2,7	A
930752,03	730623,28	1,8	A
930791,28	812454,7	1,4	A
930946,57	1024779,67	1,6	A
931118,86	1188454,65	1,5	A
933177,14	1038048,28	1,4	A
933238,62	1102190,23	1,2	A
934129,13	816876,23	1,4	A
934154,19	861109,64	2	A
934160,95	872168,05	2,6	A
934268,88	1018141,43	2,4	A
934420	1171861,82	1,6	A
935274,93	876590,73	1,5	A
935278,36	882119,94	2,3	A
935319,4	942941,62	2,7	A
936485,01	1014821,94	1,2	A
936488,67	1019245,43	2,3	A
936758,99	1280242,08	1,5	A
937089,19	1512506,71	2,6	A
937217,95	1589933,92	2,5	A
937239,03	1602101,34	3,9	B
937772,75	1201718,3	2,1	A
937777,62	1206142,03	2	A
937931,99	1334433,62	1,6	A
938573,6	811344,84	1,4	A
938585,3	834567,15	1,7	A
938712,86	1025878,85	1,9	A
938719,19	1033619,96	1,5	A
938720,11	1034725,84	2,3	A
939058,33	1352128,07	2	A
939714,12	866635,59	1,3	A
939827,51	1032513,19	1,5	A
940821,22	858894,17	1,6	A
940930,63	1024771,21	1,5	A
941122,16	1230469,04	1,9	A
942031,58	1013711,7	1,3	A
943156,85	1034722,31	1,3	A
943226,16	1118769,27	3,1	A
943332,48	1229360,75	2,1	A
944165,75	878797,27	1,4	A
944254,57	1019239,37	2,3	A
944298,79	1076744,63	2,6	A
945254,53	833458,05	1,5	A
945275,2	875479,21	1,1	A
945502,17	1186227,46	1	A
945504,26	1188439,29	2,4	A
945568,67	1253689,13	2,5	A
946379,76	862208,78	1,7	A
946464,2	1005967,51	1,1	A
946542,33	1109919,31	2,8	A
946775,97	1348800,68	3,5	B
947502,08	884324,65	1,3	A
947510,72	900912,02	1,5	A
947714,37	1185119,51	1,4	A
948600,88	858890,26	2,5	A
948763,52	1116552,84	1,9	A
949066,36	1422900,05	4,1	B
949723,75	883217,72	1,1	A
949728,67	893170,11	1,8	A
949799,41	1015917,97	1,4	A
949954,91	1216083,18	1,9	A
950837,53	888746,28	1,2	A
951028,65	1178481,18	1,6	A
951111,48	1271378,73	2,5	A
952334,26	1389716,18	3,6	B
953155,84	1060150,07	1,3	A
953183,84	1101067,19	1,8	A
954172,2	892062,17	1,4	A
954389,93	1229350,39	1,5	A
955268,21	856675,73	1,6	A
955276,01	875474,48	1,6	A
955426,21	1138665,53	1,5	A
955427	1139771,41	1,1	A
955622,2	1370911,02	3,3	A
956364,76	816866,43	2	A
956498,83	1086688,63	3,1	A
956550,98	1162994,28	1	A
957012,58	1635255,82	2,4	A
957505,24	892060,71	2,3	A
957731,66	1260313,56	2	A
957882,21	1428420,57	2,1	A
958549,14	663161,72	2,4	A
958599,91	850039,62	3,6	B
959725,07	886530,75	2	A
959730,39	899800,47	1,2	A
960826,32	859991,03	1,8	A
960839,57	895376,78	1,6	A
960937,36	1095532,83	1,3	A
962044,3	1093320,46	2,2	A
963105,88	1001534,58	1,2	A
963164,93	1115437,14	2,6	A
963183,03	1146401,6	1,4	A
963211,1	1191742,99	2,1	A
963240,29	1235979,18	2,2	A
964164,4	872153,68	2,8	A
964176,1	905327,79	2,5	A
964269,74	1109907,18	2,7	A
965275,62	872153,31	3,1	A
965283,07	894269,34	1,7	A
965374,19	1103271,41	1,1	A
965376,52	1107694,86	2,7	A
965380,65	1115435,91	2	A
965511,37	1324452,13	2	A
966389,32	879893,54	1,3	A
966391,48	886528,34	1	A
966477,79	1094423,96	2,8	A
966487,36	1113223,6	1,7	A
966496,05	1129811,61	1,4	A
966501,37	1139764,46	1,9	A
966592,55	1291273,12	1,5	A
966768,18	1522424,79	2,7	A
967494,39	859988,85	2,4	A
967500,8	880998,99	2,4	A
967595,25	1113223,03	2,1	A
967635,11	1188422,66	2,5	A
967639,47	1196163,9	2,9	A
968605,42	858882,73	2,7	A
968617,4	898691,44	2,4	A
968701,55	1109904,9	1,9	A
968804,13	1295695,43	1,6	A
969719,55	868834,56	2,1	A
969847,6	1187315,57	1,3	A
969872,6	1233763,26	1,7	A
970835,73	886526,98	1,4	A
972025,39	1109903,39	1,1	A
973054,98	875468,42	3	A
973181,92	1218278,91	1,7	A
974168,35	884314,49	1,6	A
974170,6	893160,86	2,3	A
976389,26	878785	1,7	A
976458,38	1113219,21	1	A
976485,54	1183994,84	1,6	A
978611,99	880996,1	1,1	A
978676,34	1119853,58	2,3	A
978683,45	1140864,95	1,5	A
978687,28	1151923,62	3,9	B
978784,2	1387483,87	2,2	A
979863,71	1335503,42	2	A
979874,15	1359834,31	1,4	A
980835,46	887630,41	2	A
980903,07	1156346,36	2,7	A
980988,54	1387482,88	2,7	A
981998,11	1114323,29	1,9	A
982005,33	1139758,03	1,2	A
982043,47	1260299,57	1,5	A
983108,89	1125381,54	2	A
983114,56	1146392,9	1,3	A
983135,04	1217169,09	1,3	A
984168,41	886524,05	1,2	A
984194,02	1026961,45	1,5	A
984218,5	1133122,27	1,5	A
984221,3	1144180,88	1,3	A
984222,43	1148604,34	1,7	A
984236,65	1201686,33	1,4	A
984283,25	1353196,89	1,7	A
984293,49	1383057,74	1,9	A
985268,9	804696,12	1,8	A
985279,14	884312,3	1,3	A
985348,72	1223803,81	3,6	B
987488,52	759359,39	2,3	A
987498,05	856667,4	3,5	B
987504,49	909745,18	2,2	A
987505,21	915274,15	1,3	A
987536,79	1111004,43	1,2	A
988616,87	923014,58	1,4	A
988618,51	936284,15	1,5	A
988649,04	1135333,03	1	A
988732,03	1493655,49	2,7	A
989725,14	900898,59	1,3	A
989760,97	1161873,55	2,4	A
989770,58	1216061,58	2,4	A
989803,61	1377526,35	1,5	A
989814,07	1422871,15	2,2	A
990860,86	1113215,58	1,3	A
990863,55	1132015,09	1,6	A
990873,33	1196155,47	2,4	A
990904,25	1368678,45	1,5	A
990904,69	1370890,36	2,1	A
991945,25	879888,42	2,3	A
992007,84	1374208,03	2,2	A
993075,22	1099945,13	2	A
993076,03	1107686,06	1,7	A
993077,45	1120956,26	3,1	A
993077,81	1124273,82	1,6	A
993081,64	1158555,48	1,4	A
993090,46	1231543,54	2,7	A
993124,57	1463792,21	3,2	A
993136,8	1534577,61	2,7	A
994164,72	826810,86	2,2	A
994188,83	1159661,22	1,4	A
994195,19	1222696,27	2,4	A
994195,54	1226013,95	1,5	A
996406,45	1216060,75	1,3	A
997501,26	896474,93	2,2	A
997509,41	1145284,77	1,9	A
997514,52	1261402,45	1,6	A
997517,98	1331075,48	1,5	A
998620,52	1296791,64	1,7	A
999724,02	1140861,29	1,6	A
999724,17	1172931,36	2,5	A
999724,56	1252555,16	2,6	A
1000826,33	1448307,67	2	A
1000829,39	1277991,04	1,8	A
1000829,69	1259190,59	1,5	A
1000830,81	1185095,97	1,4	A
1000833,74	935177,64	3,1	A
1001931,46	1344346,73	2,1	A
1001939,86	1106579,87	1,3	A
1001945,34	879888,13	1,1	A
1003039,75	1261402,48	1,5	A
1003039,88	1259190,67	2,1	A
1004141,83	1297897,71	1,9	A
1005213,44	1564440,69	2,4	A
1005261,66	1133120,5	1,2	A
1005263,57	1109897,6	1,9	A
1005263,75	1107685,9	2,3	A
1005275,37	940706,78	1,5	A
1006303,77	1605365,48	2	A
1006333,85	1418446,49	2,3	A
1006368,74	1137544,04	1,4	A
1006384,83	953976,46	2	A
1006387,91	909744,59	2,5	A
1007440,1	1389691,39	2,5	A
1007447,28	1345453,22	2,8	A
1007457,22	1280203,4	1,5	A
1007474,59	1150814,49	1,2	A
1007478,68	1116532,92	1,7	A
1007500,46	886523,1	1,2	A
1008504,58	1568865,54	2,6	A
1008544,93	1375314,09	2,1	A
1008554,23	1324440,56	1,8	A
1008561,3	1283521,32	1,6	A
1008573,38	1208320,09	1,8	A
1008587,53	1108792,11	1,8	A
1008607,99	926331,67	1,5	A
1009651,34	1356513,09	2,5	A
1009669,21	1265826,92	2,9	A
1009695,15	1111003,96	3,1	A
1010800,84	1124274,36	1,8	A
1011864,11	1328865,01	2,2	A
1011879,87	1262509,65	2,1	A
1012978,18	1289051,85	1,3	A
1013024,53	1082252,54	1,5	A
1014080,14	1297899,53	1,4	A
1014116,37	1157450,86	1,2	A
1015061,3	1633020,43	2,5	A
1015190,06	1279099,2	1,7	A
1015234,49	1112110,87	1	A
1016178,1	1585459,13	2,2	A
1016331,46	1154133,81	1,6	A
1016334,41	1143075,16	1,4	A
1016341,28	1116534,55	2,4	A
1017437,99	1156345,86	1,1	A
1017449,7	1114323,14	1,3	A
1018486,75	1325549,28	1,8	A
1018536,12	1185098,92	1,5	A
1018591,33	982729,27	1,5	A
1019660,32	1130911,64	2	A
1019666,44	1111006,21	2,6	A
1020750,08	1182887,91	1,5	A
1020807,69	995999,61	1	A
1021684,44	1546749,68	2	A
1021865,68	1158559,04	1,8	A
1022916,26	1293479,1	1,8	A
1022987,06	1119854,16	3,1	A
1023024,52	1004846,79	1,1	A
1023882,34	1543432,83	2,8	A
1023916,12	1488130,93	1,6	A
1024036,19	1260302,01	1,4	A
1024068,59	1186206,84	2,5	A
1024081,16	1155242,26	1	A
1025114,31	1314492,88	1,7	A
1025159,9	1220489,92	1,4	A
1025166,88	1205007,4	2,2	A
1025167,37	1203901,51	1,1	A
1025211,15	1097737,86	1,9	A
1025247,19	993789,25	1,7	A
1025249,6	986048,51	1,9	A
1026179,88	1383062,61	1,8	A
1026320,17	1095526,58	2,1	A
1027470,77	981625,94	1,4	A
1028506,62	1161879,44	2,5	A
1028510,27	1154138,31	1,1	A
1028538,9	1089998,23	2,2	A
1029565,32	1253669,34	2	A
1030716,69	1169621,7	1,9	A
1030760,46	1078940,68	2,7	A
1030800,06	982732,94	2	A
1031559,17	1554499,05	2,7	A
1031824,76	1167410,51	1,6	A
1031856,86	1104375,87	1,9	A
1031863,22	1091105,58	2,5	A
1031863,74	1089999,72	2,7	A
1031870,97	1074517,78	1,7	A
1031907,79	988262,49	2,1	A
1031913,78	972780,97	1,5	A
1032687,96	1518000,14	3,2	A
1032698,09	1505833,67	3	A
1032977,92	1077835,86	2,6	A
1034081,99	1086683,23	2,5	A
1034084,76	1081153,96	2,5	A
1034138,72	960617,82	1,3	A
1034872,49	1532380,71	2,3	A
1034950,2	1442792,18	2,2	A
1035092,9	1251460,89	1,6	A
1035141,61	1174047,7	2	A
1035156,48	1148612,39	2	A
1035194,32	1078942,81	1,4	A
1035196,58	1074519,39	2,1	A
1036303,96	1076731,68	3,5	B
1036439,33	696334,02	2,6	A
1036439,74	694122,47	2,6	A
1037035,59	1566670,86	2,1	A
1037348,88	1184002,08	1,6	A
1037363,55	1160778,41	1,9	A
1037413,66	1074520,56	2,6	A
1037414,85	1072308,85	2,3	A
1037443,24	1017016,54	1,5	A
1038304,07	1384177,27	2,7	A
1038419,05	1237086,25	1,9	A
1038452,56	1188426,39	2,1	A
1038460,59	1176261,55	1,1	A
1038469,19	1162990,88	2	A
1038523,43	1072309,45	1,9	A
1039579,11	1158568,05	2	A
1039589,14	1143085,68	1,2	A
1039598,94	1127603,38	1,3	A
1039602,38	1122074,01	1,8	A
1039630,11	1075627,65	2,3	A
1039757,16	779268,25	2,5	A
1040334,77	1560037,81	2,3	A
1040674,89	1175157,15	1,6	A
1040680,96	1166310,01	2,1	A
1040684,72	1160780,56	3,6	B
1040686,21	1158568,79	1,4	A
1040695,79	1144192,28	1,8	A
1041288,85	1682817,77	3,3	A
1041757,58	1208334,96	1,4	A
1041765,74	1197275,91	1,3	A
1041882,12	1014807,15	2,3	A
1042877,08	1190641,31	1,7	A
1042890,08	1172946,93	2,3	A
1042904,32	1153040,87	1,8	A
1042908,97	1146405,55	1,2	A
1043640,2	1548980,72	2,7	A
1043686,45	1508056,4	2,5	A
1043859,48	1337731,29	3	A
1043880,64	1314506,13	2,2	A
1043931,43	1255891,2	1,5	A
1044110,98	997114,91	2	A
1045091,81	1188431,19	1,2	A
1045098,67	1179583,97	2,7	A
1045104,6	1171842,68	1,3	A
1045125,24	1144195,36	1,4	A
1045175,63	1071207,6	2,7	A
1046158,09	1237092,31	1,4	A
1046208	1176267,13	1,7	A
1046208,86	1175161,23	1,8	A
1046284,23	1071208,33	2,6	A
1047204,04	1302343,7	1,4	A
1047314,77	1176268,01	1,5	A
1047318,32	1171844,4	2,4	A
1047450,44	979423,36	3,2	A
1048253,68	1356537,15	2	A
1048398,33	1203916,63	3,1	A
1048422,46	1175163,01	2	A
1048423,37	1174057,1	3,8	B
1048895,93	1716013,26	3,4	A
1049554,71	1144198,76	1,3	A
1049578,98	1113233,9	2,2	A
1050460,77	1355433,51	5,1	B
1050617,73	1196177,16	1,5	A
1050695,47	1102175,93	1,7	A
1050905,68	688596,69	2,5	A
1051453,87	1449445,26	2	A
1051484,71	1424006,73	2,7	A
1051725,13	1195072,24	1,8	A
1051729,12	1190648,58	2,5	A
1051736,03	1182907,19	1,6	A
1051744,81	1172954,02	1,6	A
1051755,37	1160789,07	1,5	A
1051887,47	983849,41	2,9	A
1051891,64	977214,33	2,1	A
1052418,53	1552310,12	2,6	A
1052828,49	1198391	2,1	A
1052878,72	1141989,72	1,3	A
1052985,72	1001543,72	1,4	A
1053721,26	1396359,09	1,9	A
1053933,8	1199497,95	1,7	A
1053961,53	1169638,27	2,7	A
1054148,76	916394,55	2,2	A
1055042,28	1197287,17	3,7	B
1055046,54	1192863,49	1,9	A
1055204,26	1002651,09	1,9	A
1055706,96	1555633,12	2,7	A
1055720,01	1546784,38	2,7	A
1056136,59	1209453,42	1,7	A
1056145,4	1200606,02	1,3	A
1056196,95	1146416,26	2	A
1056882,81	1502542,88	2,5	A
1056988,21	1426225,72	2,1	A
1057210,45	1240420,72	1,8	A
1057433,08	989382,38	2,3	A
1058170,48	1364290,5	1,9	A
1058236,86	1310097,24	1,9	A
1058385,92	1172960,2	1,7	A
1058401,04	1157477,41	1,8	A
1058418,94	1138676,98	1,7	A
1059446,8	1217198,38	1,8	A
1059550,27	1113242,29	1,6	A
1059783,85	757159,09	2,4	A
1060115,29	1544578,89	2,4	A
1060239,67	1462729,56	2,3	A
1060401,84	1344385,4	2	A
1061182,77	1563384,37	2,4	A
1061656,35	1219412,68	1,8	A
1061680,64	1197293,96	1,6	A
1061874,11	987173,92	2,1	A
1062039,04	666483,65	2,8	A
1062334,71	1530203,2	2,2	A
1062764,82	1217202,04	2,5	A
1062768,56	1213884,22	2,2	A
1062839,89	1147528,6	1,5	A
1064184,42	1720464,62	2,9	A
1064975,54	1218310,53	2,7	A
1064980,71	1213886,75	2,1	A
1065003,61	1193979,84	2,2	A
1065167,68	1030305,62	2,4	A
1065375,94	672013,62	2,3	A
1066070,91	1227159,43	1,7	A
1067281,24	1136474,09	2	A
1067518,8	1692816,11	2,8	A
1068431,02	1096662,39	1,9	A
1068719,53	654321,57	3	A
1069213,17	1354351,63	2,9	A
1069635,6	996027,22	1,9	A
1070242,41	1401912,36	2,4	A
1070492,75	1228270,91	1,5	A
1070618,71	1123206,68	1,3	A
1072451,6	1398597,8	2,1	A
1073321,19	1529116,41	2,3	A
1073742,25	1276938,21	2	A
1073909,3	1150858,74	3,1	A
1074800,89	1307907,66	2,1	A
1075012,5	1154177,9	1,6	A
1075993,7	1248185,86	1,4	A
1077518,69	858905,58	1,4	A
1077694,99	1539080,09	2,2	A
1079047,51	1407457,55	2,3	A
1079828,13	1568950,31	2,7	A
1080312,41	1313446,43	1,7	A
1080578,94	1130960,09	1,5	A
1081257,16	1404143,4	2,7	A
1082230,26	1470510,18	2,3	A
1083560,63	1349950,99	2,1	A
1084997,2	1699493,65	3,1	A
1085247,94	1597722,81	4,2	B
1086333,85	1602150,12	3,1	A
1086432,69	1560115,78	2,2	A
1088700,12	1529148,67	2,3	A
1088840,59	1466099,53	2,6	A
1089614,67	1605476,71	2,6	A
1089940,85	1466101,92	2,6	A
1091143,77	1418541,96	1,6	A
1091176,1	1403056,75	2,2	A
1092187,91	1445090,67	2,5	A
1092303,31	1390892,15	2	A
1095045,81	1624296,34	2,1	A
1095852,09	1726074,07	2,9	A
1096157,84	1082319,05	1,5	A
1096225,02	1032551	1,5	A
1096316,99	1557927,51	2,4	A
1097799,73	1397540,45	2,3	A
1098100,2	1249328,08	1,9	A
1098258,12	1650854,85	2,8	A
1098552,73	1542446,7	2,4	A
1100065,27	1369892,98	2,5	A
1100628,64	1056888,08	1,7	A
1100948,95	1463915,16	2,1	A
1101427,03	1243804,12	5,5	B
1103204,34	1441797,83	2,4	A
1103627,39	1249338,58	5	B
1104017,43	1012654,02	1,4	A
1104500,93	1753758,95	2,4	A
1105072,52	1051364,58	2,7	A
1105113,39	1022609,24	2	A
1105425,46	1434060,31	1,4	A
1106119,04	1092287,78	1,4	A
1107027,48	1647562,14	3,5	B
1107075,1	1632074,58	1,7	A
1107298,8	1045837,93	1,5	A
1112137,72	1393149,84	2,6	A
1112756,32	1100040,74	1,3	A
1112866,49	1031468,34	1,5	A
1113198,87	724011,39	3,2	A
1113995,85	1018198,05	1,6	A
1114031,26	1507090,89	1,8	A
1114310,67	1405323,03	1,6	A
1114367,54	1383200,19	2,8	A
1115055,74	1050273,82	2,7	A
1117240,99	1070185,73	2,7	A
1117513,64	1442941,41	2,3	A
1118311,48	1092308,17	2,3	A
1118368,38	1059127,37	2,1	A
1118724,26	1403122,4	1,8	A
1120604,89	1048070,83	1,3	A
1121598,01	1113329	2,8	A
1121757,55	1021528,07	1,7	A
1125690,93	1634349,01	2,6	A
1126043,19	1106701,08	2	A
1127159,96	1102278,96	1,7	A
1129429,52	1074631,57	2,8	A
1129539,32	1012692,52	1,7	A
1129647,95	1435233,4	2	A
1129875,87	740612,89	2,3	A
1131682,25	1055832,59	1,6	A
1132102,82	738402,69	3,4	A
1132811,66	1044773,96	1,6	A
1134603,51	1240558,87	1,5	A
1136026,38	1102296,64	2,3	A
1137170,94	1084601,37	2,5	A
1137512,93	1385477,36	2,5	A
1138217,28	1114468,42	2,2	A
1138306,26	1071330,46	2,2	A
1138532,28	1412030,18	3,2	A
1142644,91	1116690,29	1,3	A
1142734,8	1074657,76	3,2	A
1143428,7	1248325	1,9	A
1144012,02	1420898,06	1,4	A
1144552,26	1241690,91	1,8	A
1144561,18	1238372,37	2,7	A
1145139,54	1413157,93	1,7	A
1145693,73	1228419,72	1,2	A
1145702,56	1225101,19	1,4	A
1146332,82	1385505,23	3,2	A
1147195,65	1062499,64	1,8	A
1148026,4	1782701,83	4	B
1148645,53	1352324,95	1,8	A
1148694,41	1336837,6	2,2	A
1148721,94	1327987,72	2,7	A
1149777,09	1343478,51	2,9	A
1150404,29	1115601,77	4,2	B
1151011,78	1301444,95	1,6	A
1151129,94	1261620,97	2,1	A
1151354,21	1179762,32	1,6	A
1151488,9	1125559,82	2,7	A
1152235,3	1261624,18	1,6	A
1152769,12	1049237,65	2,4	A
1154878,75	1097913,49	2	A
1155280,17	1347921,42	2,1	A
1155587,34	1249465,42	2	A
1155869,35	1740692,32	2,5	A
1156459,99	1324693,47	1,7	A
1156731,81	1236193,92	1,5	A
1157223,57	1423156,79	2,6	A
1157303,35	1401030,66	2,6	A
1159879,59	776035,28	2,6	A
1161385,58	1729654,36	2,7	A
1162156,08	1270504,21	2,1	A
1162214,42	1251697,79	1,8	A
1162954	1362329,57	2,1	A
1163224,44	769402,3	2,1	A
1164355,93	1273830,02	1,4	A
1164422,21	1252810,88	2,3	A
1164750,23	1138867,58	1,2	A
1165475,28	1269408,45	1,6	A
1165639,41	1216307,6	1,5	A
1165907,42	1120064,66	4,1	B
1166941,95	1147723,38	1,5	A
1169098,44	1168748,24	1,7	A
1169657,16	1339120,46	2,1	A
1172433,09	1164332,69	2,3	A
1173083,14	1307048,7	2,7	A
1173235,83	770520,05	2,4	A
1175904,99	1111241,08	1,7	A
1177640,93	1267236,11	3,7	B
1180399,79	1413289,69	2,7	A
1184373,92	760577,73	2,4	A
1184611,14	1165475,34	1,3	A
1185745,88	1156628,11	1,3	A
1187549,03	1278334,99	2,5	A
1187569,25	1272803,06	1,5	A
1191124,55	1205325,53	2,5	A
1192804,53	1010611,59	1,8	A
1194482,48	1194272,96	1,7	A
1195425,58	1240745,69	2,2	A
1195989,83	1787395,98	3,3	A
1199224,83	1096925,21	2,2	A
1199958,56	1210888,34	3,1	A
1200108,1	1167738,06	2,8	A
1205250,12	1273976,99	1,8	A
1208539,16	1280629,33	3	A
1208610,77	1262925,39	2,7	A
1208685,08	1244115,07	1,7	A
1211086,98	1194331,72	3,3	A
1211290,28	1136795,22	1,3	A
1212424,54	1129053,71	2,3	A
1216261,8	1283981,2	2,7	A
1216313,26	1271809,22	3,2	A
1216382,15	1255211,16	2,5	A
1218715,32	1225343,66	2,3	A
1220720,93	1275147,66	3,2	A
1223080,12	1811932,68	3,2	A
1223311,53	1182205,82	2,3	A
1231955,48	1234251,15	2,2	A
1234225,05	1220981,08	1,7	A
1235336,39	1219879,15	2,4	A
1236371,25	1236483,57	2,5	A
1236631,09	1174511,8	2,4	A
1243537,04	1843088,95	3,5	B
1245291,69	1221029,15	2	A
1251845,05	1239873,79	1,9	A
1252840,45	1263121,03	1,4	A
1308976,17	788459,14	2,5	A
1331750,97	1202655,15	3,5	B
