X	Y	Magnitud
465012,560000	688178,390000	2,500000
495096,640000	662589,890000	1,900000
520705,100000	628160,950000	3,400000
520712,380000	632596,510000	1,700000
550893,200000	662477,590000	2,400000
555627,360000	772206,550000	1,900000
556477,170000	665792,420000	1,800000
571977,320000	583752,390000	4,100000
572147,720000	693469,560000	1,700000
578857,440000	702320,840000	1,800000
582101,400000	649122,820000	1,600000
584328,340000	646902,980000	2,500000
586558,800000	646899,430000	2,900000
588613,930000	1294053,910000	3,300000
588996,980000	746621,790000	1,900000
589911,470000	651326,350000	2,500000
592127,900000	642458,550000	1,700000
595648,850000	732200,690000	2,300000
596219,140000	1276261,220000	1,800000
596531,690000	598132,850000	3,100000
601016,990000	619178,710000	3,900000
607061,550000	827451,620000	3,300000
608988,880000	716659,210000	2,500000
612406,840000	748778,530000	1,500000
612460,820000	769827,010000	1,900000
613157,080000	1319342,840000	2,400000
616587,490000	579280,220000	2,600000
617240,950000	1274992,190000	3,200000
620168,210000	732143,540000	2,500000
623331,580000	630228,360000	2,800000
624567,430000	704441,460000	1,300000
625772,990000	746530,810000	2,000000
627006,560000	793050,120000	2,200000
634343,100000	1342442,630000	2,500000
634454,360000	608062,690000	1,500000
634471,740000	623568,740000	2,400000
634919,000000	832901,960000	2,000000
636684,040000	608060,360000	1,400000
636793,950000	686696,720000	1,300000
636815,940000	698879,860000	2,100000
638579,720000	1318039,450000	2,200000
640143,180000	690013,470000	1,400000
640226,840000	1046648,560000	3,600000
640495,940000	1277039,680000	3,600000
641428,780000	770860,220000	1,600000
641944,770000	1158509,340000	1,600000
643083,750000	1329083,280000	2,500000
643114,190000	946953,270000	2,300000
644114,450000	918153,260000	1,900000
644659,090000	721015,140000	2,100000
644903,530000	820689,070000	2,500000
647818,110000	1212746,890000	2,100000
648902,740000	550461,330000	2,600000
650217,010000	714359,430000	1,900000
650609,750000	1121909,610000	2,700000
651772,670000	881578,790000	3,000000
652973,530000	907045,930000	2,000000
653506,360000	684453,340000	2,200000
653789,120000	812911,790000	2,200000
653994,490000	880463,920000	2,800000
654999,930000	1294661,120000	1,800000
655053,260000	1122992,990000	2,300000
655241,320000	1328994,480000	2,000000
655283,200000	930293,670000	2,200000
657020,510000	1074253,770000	2,300000
659173,730000	1256976,690000	2,000000
660730,030000	898159,590000	2,100000
661175,420000	568172,230000	1,200000
662073,930000	961274,870000	1,800000
662696,820000	1287963,730000	2,100000
663758,830000	1281311,730000	2,800000
663997,840000	1316749,890000	2,200000
667306,370000	1315619,730000	1,900000
668913,460000	1003326,350000	3,300000
669275,180000	1279060,770000	2,900000
670745,820000	899233,190000	2,100000
671910,510000	914731,100000	2,800000
673421,210000	537162,830000	2,100000
673442,240000	577022,150000	2,400000
673445,360000	581450,970000	2,600000
673453,880000	592523,010000	2,900000
674082,970000	899222,160000	2,700000
674595,070000	621309,180000	1,700000
674647,590000	664489,870000	2,100000
675163,080000	889253,480000	2,300000
675269,870000	921363,070000	2,100000
675996,940000	1292306,220000	2,100000
676907,380000	1261294,210000	1,600000
676910,300000	687737,560000	1,500000
677687,650000	974501,750000	2,600000
678272,760000	1302257,840000	2,700000
678521,640000	895886,040000	2,100000
679226,390000	1075254,610000	2,400000
679651,870000	901418,400000	3,100000
681880,020000	902518,370000	2,100000
682912,670000	1148315,290000	2,400000
683817,810000	800654,210000	1,900000
684111,660000	904725,490000	1,900000
684151,580000	916904,150000	2,500000
684208,600000	1183740,540000	2,400000
684931,060000	800651,520000	2,200000
685150,550000	1339862,320000	4,000000
685267,320000	918007,600000	1,800000
685757,850000	639011,350000	1,700000
686036,380000	797327,500000	1,900000
688916,440000	1233540,330000	2,000000
689131,000000	1270078,120000	2,600000
689136,350000	667791,410000	2,100000
689314,180000	1299972,960000	1,800000
689408,010000	810604,660000	1,800000
690753,680000	894740,340000	2,000000
691363,050000	666681,350000	2,400000
691854,550000	1162663,060000	2,100000
691886,540000	901379,410000	2,200000
691923,390000	1175948,890000	2,200000
692403,630000	1262308,000000	2,000000
694655,270000	623502,960000	2,000000
694727,640000	1281116,830000	1,900000
694924,550000	789557,390000	2,000000
695189,300000	890298,500000	1,800000
695254,240000	911332,540000	3,200000
697450,770000	902469,220000	2,400000
699193,680000	689917,850000	1,400000
699780,540000	935673,050000	2,100000
700088,880000	1020914,590000	2,600000
700093,240000	1022021,630000	1,600000
700382,360000	1302119,440000	3,000000
700692,290000	1351940,750000	3,100000
701725,450000	840463,920000	2,700000
702074,510000	956698,890000	1,800000
704412,820000	1233453,720000	2,400000
704616,660000	1269987,330000	2,500000
704659,280000	1053000,530000	2,800000
704843,510000	1096174,280000	2,600000
705908,850000	710939,910000	2,300000
707332,000000	857053,920000	1,900000
707547,030000	1198010,420000	2,900000
707775,200000	1241185,080000	2,500000
707793,310000	1244506,230000	2,000000
708346,480000	1134904,750000	2,100000
708447,460000	858157,920000	1,300000
708881,830000	1241179,070000	1,900000
708997,430000	1262212,900000	2,300000
709047,050000	1271069,300000	2,100000
710455,070000	762957,410000	1,700000
710909,000000	1205742,560000	1,600000
711765,550000	1154815,090000	2,500000
711927,320000	909067,330000	2,800000
712207,610000	1242268,190000	2,700000
712219,510000	1244482,220000	2,700000
712291,630000	1257766,440000	2,100000
712309,850000	1261087,500000	2,800000
712322,050000	1263301,540000	3,000000
713124,040000	936736,910000	2,300000
713274,850000	982120,730000	1,200000
714208,570000	1201297,690000	2,700000
714362,230000	1231186,400000	1,600000
714391,380000	1236721,380000	2,900000
714538,080000	1024179,950000	4,700000
715405,900000	1219003,780000	2,900000
716698,710000	1254421,430000	2,600000
716710,610000	1256635,410000	3,300000
717327,640000	850386,660000	2,400000
717480,450000	906837,180000	2,600000
717705,590000	1235596,960000	1,400000
717856,950000	1020846,770000	1,900000
717949,120000	1045198,670000	1,600000
718734,370000	953322,650000	2,000000
718959,240000	1018628,890000	1,900000
719104,330000	1289832,770000	2,000000
719217,760000	671073,160000	2,600000
720029,310000	1256617,640000	1,700000
720082,670000	1266580,300000	1,900000
722155,220000	979876,530000	1,300000
723681,330000	677708,430000	2,600000
723765,800000	735261,970000	2,700000
724173,990000	914565,830000	2,800000
724270,220000	946663,950000	2,000000
724413,740000	1248845,800000	2,200000
724471,550000	1259915,060000	1,500000
725139,740000	860328,680000	2,600000
725555,610000	999788,440000	1,400000
726136,080000	810519,970000	2,300000
726958,680000	616831,920000	1,900000
727717,300000	982071,690000	2,000000
727927,060000	1041840,200000	1,900000
728023,700000	1067297,390000	1,900000
731053,600000	983167,520000	2,600000
731224,970000	1032973,470000	3,400000
731607,720000	1351752,960000	1,600000
731787,480000	1171326,360000	1,700000
731878,220000	885767,700000	2,400000
732242,550000	1265409,280000	1,900000
732592,590000	678804,020000	2,200000
732792,230000	800545,020000	1,200000
733174,460000	951063,840000	1,800000
733848,300000	1135898,080000	1,700000
734292,430000	953274,000000	2,100000
735338,290000	931135,590000	1,200000
736155,360000	1156917,960000	1,900000
736671,860000	1266493,530000	3,000000
738547,530000	884643,740000	2,400000
738691,780000	937766,400000	1,500000
738752,330000	1239918,630000	2,700000
738757,270000	959901,000000	2,200000
738868,640000	995316,540000	2,800000
739095,220000	1060614,660000	1,100000
739871,730000	961004,360000	1,800000
740304,500000	1087172,620000	1,800000
741516,950000	690966,510000	2,200000
741903,170000	892382,170000	2,300000
742345,340000	1038467,890000	2,200000
742866,870000	829298,480000	5,300000
743432,370000	1031823,720000	2,600000
743466,910000	1041784,180000	1,800000
743717,550000	1109294,640000	2,600000
744051,320000	861389,550000	2,000000
744506,590000	1285270,310000	2,100000
745475,560000	1257595,190000	2,600000
745759,030000	1314041,360000	1,200000
746549,670000	1250949,240000	2,200000
746674,740000	1005251,770000	2,300000
747585,780000	938847,840000	2,500000
748221,170000	708664,050000	1,700000
748690,950000	936631,420000	2,800000
748819,640000	980897,900000	1,400000
749845,750000	952121,470000	2,100000
749917,050000	976467,890000	1,800000
750898,510000	931092,080000	2,800000
751352,280000	1074957,540000	1,700000
752009,900000	931089,080000	3,500000
752080,300000	1250923,080000	2,300000
752153,510000	1266417,340000	2,200000
752202,630000	997487,520000	2,500000
752276,470000	1020727,190000	2,100000
753142,270000	938832,470000	2,100000
753344,240000	1007443,850000	2,300000
753431,370000	1301827,580000	3,200000
754241,560000	934402,960000	1,800000
754660,790000	1069412,390000	3,500000
755227,510000	1431312,980000	3,200000
755393,480000	1249800,950000	4,300000
756455,370000	931077,190000	2,400000
757540,740000	921114,890000	2,000000
757844,970000	1026242,440000	2,300000
758813,020000	979761,470000	1,800000
759885,690000	966479,150000	2,100000
760058,070000	1024022,140000	1,500000
761057,000000	987501,120000	2,600000
761063,510000	989714,300000	1,800000
761108,060000	1289616,200000	1,900000
761994,970000	924423,230000	3,300000
763160,840000	1255299,130000	2,000000
763190,810000	1261939,100000	2,900000
763265,360000	983068,340000	3,000000
763562,390000	1077127,920000	1,500000
763612,380000	1091513,690000	2,100000
764382,530000	1280747,280000	2,900000
764427,710000	1000770,210000	2,900000
764928,220000	1147946,430000	1,500000
765101,680000	1423510,260000	2,200000
767056,950000	615694,050000	1,800000
767313,450000	814863,740000	2,500000
767565,740000	929941,870000	2,100000
768532,410000	867974,050000	2,000000
768647,030000	1245314,970000	2,400000
769850,830000	954279,730000	2,900000
769939,490000	1287361,810000	2,900000
770473,490000	696464,060000	1,500000
770650,920000	814857,570000	3,500000
771613,820000	718592,140000	2,900000
772195,070000	1297311,360000	2,100000
772229,170000	1010706,180000	4,700000
772275,240000	1026197,520000	1,700000
772867,880000	810427,610000	1,700000
773105,890000	923289,040000	2,200000
773755,800000	1137954,160000	4,500000
775092,880000	810423,640000	2,300000
775265,020000	1240860,310000	2,000000
775655,250000	1042785,160000	1,800000
775932,490000	547089,030000	2,900000
777449,960000	1234211,720000	1,600000
778275,590000	704200,140000	1,800000
778426,470000	808204,880000	4,800000
778432,270000	811524,210000	1,800000
778834,670000	990770,320000	2,300000
779973,930000	1307235,830000	1,800000
780497,020000	699771,910000	2,700000
780503,350000	705303,980000	2,300000
781611,530000	700877,060000	1,500000
781956,280000	1254111,450000	2,400000
782567,410000	1122431,690000	3,700000
783270,460000	988545,400000	3,700000
784395,660000	994074,660000	1,900000
784761,890000	1115785,310000	1,300000
784936,940000	687596,680000	2,100000
785022,500000	757299,210000	2,300000
785101,300000	808193,470000	1,700000
785454,330000	1297252,610000	2,600000
785863,040000	1113568,690000	2,700000
786060,830000	697552,940000	1,500000
786070,680000	706403,980000	4,200000
786578,700000	979685,140000	1,800000
787146,100000	669892,420000	2,700000
787552,720000	923255,110000	2,100000
787644,610000	961979,570000	2,400000
788289,690000	699763,260000	3,000000
788308,500000	716358,780000	1,700000
788958,530000	1038319,830000	3,000000
789412,710000	708612,940000	2,300000
789860,730000	959761,290000	2,900000
790514,920000	698654,490000	1,300000
791628,130000	698653,300000	2,000000
791642,750000	711929,490000	2,700000
791644,010000	713035,840000	2,500000
792074,410000	1295011,550000	1,900000
792747,280000	704183,830000	2,600000
792755,870000	711928,230000	1,100000
793457,250000	1059329,010000	2,700000
793872,740000	715245,980000	2,500000
794974,790000	705287,740000	2,200000
795335,290000	1281720,120000	2,000000
795344,190000	1283933,080000	2,800000
795635,080000	1044939,440000	2,300000
796757,030000	1049361,900000	3,000000
797683,810000	979657,230000	1,800000
798772,950000	970803,650000	1,600000
799432,060000	709708,190000	2,000000
800116,330000	1060416,340000	1,800000
802040,310000	1300503,480000	2,500000
802864,890000	1226368,300000	1,700000
803848,040000	672089,920000	2,000000
803943,620000	1218619,480000	1,800000
804989,460000	701958,330000	2,300000
805003,350000	715233,640000	1,800000
805084,020000	780504,170000	2,700000
805208,330000	859050,810000	2,800000
806112,850000	711913,630000	1,400000
806195,060000	779396,340000	2,400000
806601,600000	994018,120000	1,200000
807438,050000	1267289,360000	4,100000
807475,250000	1277247,050000	1,500000
808617,930000	1287200,580000	1,700000
809456,600000	716335,140000	2,900000
809628,660000	1261749,230000	1,700000
810815,500000	1283873,070000	2,100000
812893,130000	795980,970000	1,800000
813096,710000	916562,950000	1,200000
813928,810000	735136,410000	2,300000
813945,410000	749517,440000	1,800000
814149,530000	885585,500000	1,700000
814385,960000	999531,190000	1,700000
815288,490000	1298239,700000	1,500000
816409,540000	1302661,130000	2,000000
817255,460000	724070,560000	2,200000
817537,190000	914341,820000	2,800000
817545,690000	918766,800000	1,400000
817961,040000	1096876,010000	1,500000
817994,640000	1109045,260000	2,100000
818368,370000	724069,390000	1,400000
818420,350000	769424,050000	2,000000
819510,400000	750617,140000	1,900000
819761,650000	915443,830000	2,800000
820642,800000	767208,890000	1,100000
822842,320000	745082,370000	2,000000
824208,330000	916541,740000	3,700000
824684,050000	1123408,520000	1,300000
825103,850000	776052,970000	1,800000
826169,890000	735123,140000	1,800000
826370,260000	1308156,960000	2,100000
826451,070000	927599,700000	2,200000
826568,330000	986228,940000	1,300000
827299,310000	750608,330000	1,700000
827510,260000	898836,500000	5,000000
827678,570000	986226,590000	1,000000
827801,520000	1396660,710000	2,800000
828826,610000	1003923,630000	3,700000
829545,950000	769410,590000	1,900000
830600,510000	714101,690000	2,700000
830608,930000	722950,890000	1,700000
830611,080000	725163,190000	2,100000
830618,780000	732906,240000	1,700000
830659,770000	770515,450000	2,300000
831729,360000	730692,830000	2,900000
831760,940000	760558,800000	1,700000
831762,180000	761664,950000	2,600000
832369,740000	1095731,960000	1,800000
833957,130000	732902,900000	1,500000
833959,330000	735115,170000	1,300000
835089,130000	751706,040000	1,900000
835097,470000	759448,970000	2,100000
835102,350000	763873,510000	2,400000
835521,660000	1020502,210000	1,500000
836187,030000	737325,210000	2,400000
836288,030000	1301485,210000	1,700000
836821,320000	1449731,570000	2,300000
837322,620000	759446,550000	1,300000
838446,050000	769400,440000	1,900000
839720,350000	889966,890000	1,500000
840032,310000	1053677,940000	1,500000
840226,890000	1476271,060000	3,500000
840654,540000	753912,450000	1,500000
840666,220000	764973,540000	2,200000
840814,820000	1334658,980000	1,700000
842897,180000	770501,670000	2,400000
844004,920000	766076,080000	2,000000
844133,350000	1336860,570000	2,400000
844473,870000	1055880,500000	2,900000
845111,650000	760544,450000	1,400000
847325,690000	749481,370000	2,300000
847326,770000	750587,450000	1,800000
847825,080000	1066934,810000	1,500000
848436,160000	747268,140000	1,100000
849048,560000	1117815,370000	3,600000
849551,950000	750585,290000	2,400000
849823,290000	952999,330000	1,500000
850668,800000	755008,490000	2,300000
851780,280000	753901,350000	1,600000
851782,420000	756113,470000	1,300000
851787,840000	761643,780000	1,400000
852909,170000	770491,160000	1,600000
854006,420000	755005,270000	1,400000
855146,430000	782655,480000	1,900000
856232,520000	756109,220000	2,100000
856238,840000	762745,490000	1,600000
856525,730000	976215,920000	1,300000
857349,200000	760532,340000	2,300000
857353,440000	764956,500000	2,000000
858449,490000	747258,860000	1,400000
858469,080000	768273,540000	1,600000
858472,310000	771591,660000	1,500000
860684,580000	758317,150000	1,700000
860754,070000	1358933,270000	1,800000
861763,270000	1326850,220000	2,000000
862130,860000	1446321,820000	1,800000
862905,570000	753891,050000	1,800000
862922,900000	772693,380000	1,800000
863578,730000	1174194,950000	2,300000
863852,180000	1283703,140000	4,400000
864016,130000	751678,030000	2,400000
864039,480000	777116,400000	2,300000
865213,380000	835734,300000	1,800000
865231,560000	851218,650000	1,900000
865707,230000	1135476,100000	1,600000
866123,980000	1306926,660000	1,300000
866252,880000	764948,180000	2,600000
866501,980000	966244,870000	1,900000
867065,040000	1243873,150000	2,300000
867258,270000	1317985,320000	2,000000
867355,570000	753887,150000	1,700000
867383,800000	784855,270000	1,900000
867462,790000	857852,110000	3,000000
867588,600000	950758,550000	1,500000
868103,790000	1216217,220000	2,000000
868212,040000	1260462,450000	1,900000
868312,000000	1299177,610000	2,700000
868356,330000	1315770,000000	1,900000
868389,410000	1327937,810000	2,500000
868719,250000	964029,330000	1,900000
868734,710000	973983,690000	1,200000
868745,190000	980619,950000	1,300000
869063,230000	1150954,340000	1,300000
869844,120000	1448509,680000	2,100000
870399,510000	1613342,990000	2,700000
870523,800000	1300277,970000	2,600000
870678,890000	1357798,320000	1,800000
870712,360000	776004,150000	1,500000
870946,680000	968450,080000	1,200000
870993,010000	1463993,370000	2,400000
873575,510000	1189658,020000	2,000000
873800,910000	1285889,710000	2,400000
874130,480000	1408673,210000	1,700000
875154,870000	768258,330000	2,200000
876479,000000	955169,660000	1,500000
878459,290000	1379900,480000	3,100000
878702,980000	957378,540000	1,800000
879610,740000	775996,330000	1,500000
881007,710000	1014887,610000	1,500000
881111,940000	1535867,250000	2,400000
881845,630000	788159,990000	2,100000
881870,720000	815808,980000	1,400000
882063,460000	978387,840000	1,100000
882951,240000	780417,350000	2,200000
882967,480000	799218,580000	2,900000
883216,960000	1008248,200000	1,500000
884075,680000	794793,780000	2,500000
884556,750000	1145392,870000	1,100000
885387,730000	973959,220000	1,600000
886297,090000	791474,030000	2,700000
886298,030000	792579,980000	1,900000
886302,750000	798109,700000	1,500000
886345,850000	844559,560000	1,600000
886455,830000	941884,340000	1,300000
886499,410000	975063,690000	1,600000
886779,900000	1149812,900000	1,100000
887405,560000	787049,340000	2,200000
887526,310000	1473900,610000	1,600000
888630,980000	903172,850000	2,000000
889632,580000	790365,330000	1,600000
889636,220000	794789,060000	3,100000
889753,550000	1483850,160000	3,100000
889864,320000	1000496,670000	1,300000
890092,230000	1144276,720000	1,200000
890707,110000	739491,800000	2,300000
892964,630000	784833,030000	1,900000
892969,850000	791468,570000	1,800000
893222,600000	1021505,580000	1,600000
894267,620000	972841,560000	1,400000
895344,270000	945191,370000	1,600000
895346,880000	947403,270000	3,200000
895419,130000	1004913,000000	1,400000
896437,070000	929706,860000	1,700000
896448,390000	939660,350000	2,200000
896527,400000	1003805,570000	1,400000
896530,310000	1006017,500000	1,000000
897706,530000	1054678,500000	1,400000
897830,620000	1623209,990000	2,800000
898855,530000	1082326,260000	2,800000
898950,330000	1143155,580000	1,500000
899301,790000	1331181,330000	1,500000
899348,940000	1353302,890000	3,500000
901569,250000	1359934,650000	2,100000
901912,570000	848968,800000	1,500000
902008,520000	946289,710000	1,700000
902262,360000	1136514,310000	1,700000
902279,820000	1147574,200000	1,600000
902961,220000	766025,420000	1,800000
902961,950000	767131,320000	2,700000
903380,280000	1143148,500000	1,500000
903765,990000	1355505,710000	4,300000
904106,320000	812472,200000	1,400000
904112,290000	820213,480000	2,600000
904198,320000	916427,420000	1,700000
904492,910000	1146464,730000	1,000000
905449,130000	1039184,550000	1,700000
905473,680000	1057985,690000	1,000000
906293,900000	759387,970000	2,400000
906326,050000	806941,070000	1,300000
906340,210000	825741,230000	3,100000
906352,480000	841223,750000	1,000000
906499,320000	990521,900000	2,400000
906586,950000	1061302,080000	1,400000
907613,010000	993838,410000	1,800000
907790,610000	1129870,070000	2,600000
908579,260000	845645,540000	2,000000
908735,550000	1004896,410000	3,200000
909020,390000	1209499,140000	2,400000
909197,150000	1311252,690000	2,700000
909676,360000	826844,570000	2,600000
910023,530000	1142032,500000	1,300000
910192,190000	1249313,410000	2,200000
910277,140000	1297978,270000	1,700000
910776,140000	810255,530000	2,000000
911887,280000	809148,880000	2,600000
911895,870000	821313,530000	1,200000
912051,140000	992727,510000	1,700000
912070,820000	1010422,220000	1,500000
912120,270000	1052447,490000	2,500000
912408,490000	1252627,730000	2,700000
912410,330000	1253733,730000	2,700000
912545,290000	1331155,300000	1,900000
912998,440000	808042,240000	1,600000
912999,190000	809148,110000	1,400000
913003,010000	814677,480000	1,700000
913004,550000	816889,230000	1,900000
913083,920000	915312,980000	1,300000
913176,720000	1007103,220000	2,400000
913279,000000	1092259,910000	1,200000
914108,870000	805829,740000	1,800000
914120,250000	822417,830000	1,600000
914142,200000	852276,490000	2,100000
914296,140000	1015949,330000	1,600000
914306,080000	1024796,690000	1,900000
914500,450000	1175205,160000	1,700000
914696,470000	1299076,540000	2,100000
915221,540000	806934,870000	1,400000
915269,180000	872181,460000	1,800000
915420,430000	1029219,120000	1,500000
915473,700000	1074562,100000	1,500000
915481,860000	1081197,710000	1,100000
916316,860000	780393,420000	1,900000
916427,220000	927474,780000	1,500000
916513,960000	1014840,980000	1,200000
916630,560000	1113268,550000	2,000000
917446,820000	809145,150000	1,700000
917451,170000	815780,330000	1,600000
917989,560000	1286904,860000	1,800000
918564,460000	817991,330000	1,100000
918602,230000	871072,970000	2,200000
919015,330000	1236027,350000	2,200000
919839,080000	1011519,730000	1,600000
919851,800000	1023684,700000	1,700000
920805,770000	844530,530000	2,100000
920939,700000	1002671,380000	1,900000
920954,310000	1017048,110000	3,200000
920964,650000	1027001,250000	1,900000
920991,970000	1052437,190000	1,500000
921018,030000	1075661,470000	1,100000
921028,230000	1084508,850000	1,700000
922036,450000	989399,530000	2,100000
922104,530000	1055753,720000	2,000000
922451,070000	1314547,980000	1,900000
923181,070000	1024787,150000	1,900000
923200,500000	1043587,520000	1,800000
924124,890000	820199,500000	1,800000
924254,120000	987185,650000	2,000000
924334,150000	1066810,440000	2,300000
925221,190000	793658,500000	2,600000
925420,930000	1045797,030000	4,100000
926379,780000	868855,590000	2,200000
926385,150000	876596,590000	2,300000
926919,310000	1348827,440000	1,900000
927462,880000	824620,860000	1,800000
927556,190000	955112,170000	1,300000
927630,290000	1036947,610000	1,700000
928769,020000	1066805,790000	2,000000
929678,820000	811349,480000	2,000000
929859,230000	1048004,410000	1,800000
929862,450000	1051322,090000	2,100000
929878,840000	1067910,570000	1,200000
930129,260000	1279144,750000	2,700000
930752,030000	730623,280000	1,800000
930791,280000	812454,700000	1,400000
930946,570000	1024779,670000	1,600000
931118,860000	1188454,650000	1,500000
933177,140000	1038048,280000	1,400000
933238,620000	1102190,230000	1,200000
934129,130000	816876,230000	1,400000
934154,190000	861109,640000	2,000000
934160,950000	872168,050000	2,600000
934268,880000	1018141,430000	2,400000
934420,000000	1171861,820000	1,600000
935274,930000	876590,730000	1,500000
935278,360000	882119,940000	2,300000
935319,400000	942941,620000	2,700000
936485,010000	1014821,940000	1,200000
936488,670000	1019245,430000	2,300000
936758,990000	1280242,080000	1,500000
937089,190000	1512506,710000	2,600000
937217,950000	1589933,920000	2,500000
937239,030000	1602101,340000	3,900000
937772,750000	1201718,300000	2,100000
937777,620000	1206142,030000	2,000000
937931,990000	1334433,620000	1,600000
938573,600000	811344,840000	1,400000
938585,300000	834567,150000	1,700000
938712,860000	1025878,850000	1,900000
938719,190000	1033619,960000	1,500000
938720,110000	1034725,840000	2,300000
939058,330000	1352128,070000	2,000000
939714,120000	866635,590000	1,300000
939827,510000	1032513,190000	1,500000
940821,220000	858894,170000	1,600000
940930,630000	1024771,210000	1,500000
941122,160000	1230469,040000	1,900000
942031,580000	1013711,700000	1,300000
943156,850000	1034722,310000	1,300000
943226,160000	1118769,270000	3,100000
943332,480000	1229360,750000	2,100000
944165,750000	878797,270000	1,400000
944254,570000	1019239,370000	2,300000
944298,790000	1076744,630000	2,600000
945254,530000	833458,050000	1,500000
945275,200000	875479,210000	1,100000
945502,170000	1186227,460000	1,000000
945504,260000	1188439,290000	2,400000
945568,670000	1253689,130000	2,500000
946379,760000	862208,780000	1,700000
946464,200000	1005967,510000	1,100000
946542,330000	1109919,310000	2,800000
946775,970000	1348800,680000	3,500000
947502,080000	884324,650000	1,300000
947510,720000	900912,020000	1,500000
947714,370000	1185119,510000	1,400000
948600,880000	858890,260000	2,500000
948763,520000	1116552,840000	1,900000
949066,360000	1422900,050000	4,100000
949723,750000	883217,720000	1,100000
949728,670000	893170,110000	1,800000
949799,410000	1015917,970000	1,400000
949954,910000	1216083,180000	1,900000
950837,530000	888746,280000	1,200000
951028,650000	1178481,180000	1,600000
951111,480000	1271378,730000	2,500000
952334,260000	1389716,180000	3,600000
953155,840000	1060150,070000	1,300000
953183,840000	1101067,190000	1,800000
954172,200000	892062,170000	1,400000
954389,930000	1229350,390000	1,500000
955268,210000	856675,730000	1,600000
955276,010000	875474,480000	1,600000
955426,210000	1138665,530000	1,500000
955427,000000	1139771,410000	1,100000
955622,200000	1370911,020000	3,300000
956364,760000	816866,430000	2,000000
956498,830000	1086688,630000	3,100000
956550,980000	1162994,280000	1,000000
957012,580000	1635255,820000	2,400000
957505,240000	892060,710000	2,300000
957731,660000	1260313,560000	2,000000
957882,210000	1428420,570000	2,100000
958549,140000	663161,720000	2,400000
958599,910000	850039,620000	3,600000
959725,070000	886530,750000	2,000000
959730,390000	899800,470000	1,200000
960826,320000	859991,030000	1,800000
960839,570000	895376,780000	1,600000
960937,360000	1095532,830000	1,300000
962044,300000	1093320,460000	2,200000
963105,880000	1001534,580000	1,200000
963164,930000	1115437,140000	2,600000
963183,030000	1146401,600000	1,400000
963211,100000	1191742,990000	2,100000
963240,290000	1235979,180000	2,200000
964164,400000	872153,680000	2,800000
964176,100000	905327,790000	2,500000
964269,740000	1109907,180000	2,700000
965275,620000	872153,310000	3,100000
965283,070000	894269,340000	1,700000
965374,190000	1103271,410000	1,100000
965376,520000	1107694,860000	2,700000
965380,650000	1115435,910000	2,000000
965511,370000	1324452,130000	2,000000
966389,320000	879893,540000	1,300000
966391,480000	886528,340000	1,000000
966477,790000	1094423,960000	2,800000
966487,360000	1113223,600000	1,700000
966496,050000	1129811,610000	1,400000
966501,370000	1139764,460000	1,900000
966592,550000	1291273,120000	1,500000
966768,180000	1522424,790000	2,700000
967494,390000	859988,850000	2,400000
967500,800000	880998,990000	2,400000
967595,250000	1113223,030000	2,100000
967635,110000	1188422,660000	2,500000
967639,470000	1196163,900000	2,900000
968605,420000	858882,730000	2,700000
968617,400000	898691,440000	2,400000
968701,550000	1109904,900000	1,900000
968804,130000	1295695,430000	1,600000
969719,550000	868834,560000	2,100000
969847,600000	1187315,570000	1,300000
969872,600000	1233763,260000	1,700000
970835,730000	886526,980000	1,400000
972025,390000	1109903,390000	1,100000
973054,980000	875468,420000	3,000000
973181,920000	1218278,910000	1,700000
974168,350000	884314,490000	1,600000
974170,600000	893160,860000	2,300000
976389,260000	878785,000000	1,700000
976458,380000	1113219,210000	1,000000
976485,540000	1183994,840000	1,600000
978611,990000	880996,100000	1,100000
978676,340000	1119853,580000	2,300000
978683,450000	1140864,950000	1,500000
978687,280000	1151923,620000	3,900000
978784,200000	1387483,870000	2,200000
979863,710000	1335503,420000	2,000000
979874,150000	1359834,310000	1,400000
980835,460000	887630,410000	2,000000
980903,070000	1156346,360000	2,700000
980988,540000	1387482,880000	2,700000
981998,110000	1114323,290000	1,900000
982005,330000	1139758,030000	1,200000
982043,470000	1260299,570000	1,500000
983108,890000	1125381,540000	2,000000
983114,560000	1146392,900000	1,300000
983135,040000	1217169,090000	1,300000
984168,410000	886524,050000	1,200000
984194,020000	1026961,450000	1,500000
984218,500000	1133122,270000	1,500000
984221,300000	1144180,880000	1,300000
984222,430000	1148604,340000	1,700000
984236,650000	1201686,330000	1,400000
984283,250000	1353196,890000	1,700000
984293,490000	1383057,740000	1,900000
985268,900000	804696,120000	1,800000
985279,140000	884312,300000	1,300000
985348,720000	1223803,810000	3,600000
987488,520000	759359,390000	2,300000
987498,050000	856667,400000	3,500000
987504,490000	909745,180000	2,200000
987505,210000	915274,150000	1,300000
987536,790000	1111004,430000	1,200000
988616,870000	923014,580000	1,400000
988618,510000	936284,150000	1,500000
988649,040000	1135333,030000	1,000000
988732,030000	1493655,490000	2,700000
989725,140000	900898,590000	1,300000
989760,970000	1161873,550000	2,400000
989770,580000	1216061,580000	2,400000
989803,610000	1377526,350000	1,500000
989814,070000	1422871,150000	2,200000
990860,860000	1113215,580000	1,300000
990863,550000	1132015,090000	1,600000
990873,330000	1196155,470000	2,400000
990904,250000	1368678,450000	1,500000
990904,690000	1370890,360000	2,100000
991945,250000	879888,420000	2,300000
992007,840000	1374208,030000	2,200000
993075,220000	1099945,130000	2,000000
993076,030000	1107686,060000	1,700000
993077,450000	1120956,260000	3,100000
993077,810000	1124273,820000	1,600000
993081,640000	1158555,480000	1,400000
993090,460000	1231543,540000	2,700000
993124,570000	1463792,210000	3,200000
993136,800000	1534577,610000	2,700000
994164,720000	826810,860000	2,200000
994188,830000	1159661,220000	1,400000
994195,190000	1222696,270000	2,400000
994195,540000	1226013,950000	1,500000
996406,450000	1216060,750000	1,300000
997501,260000	896474,930000	2,200000
997509,410000	1145284,770000	1,900000
997514,520000	1261402,450000	1,600000
997517,980000	1331075,480000	1,500000
998620,520000	1296791,640000	1,700000
999724,020000	1140861,290000	1,600000
999724,170000	1172931,360000	2,500000
999724,560000	1252555,160000	2,600000
1000826,330000	1448307,670000	2,000000
1000829,390000	1277991,040000	1,800000
1000829,690000	1259190,590000	1,500000
1000830,810000	1185095,970000	1,400000
1000833,740000	935177,640000	3,100000
1001931,460000	1344346,730000	2,100000
1001939,860000	1106579,870000	1,300000
1001945,340000	879888,130000	1,100000
1003039,750000	1261402,480000	1,500000
1003039,880000	1259190,670000	2,100000
1004141,830000	1297897,710000	1,900000
1005213,440000	1564440,690000	2,400000
1005261,660000	1133120,500000	1,200000
1005263,570000	1109897,600000	1,900000
1005263,750000	1107685,900000	2,300000
1005275,370000	940706,780000	1,500000
1006303,770000	1605365,480000	2,000000
1006333,850000	1418446,490000	2,300000
1006368,740000	1137544,040000	1,400000
1006384,830000	953976,460000	2,000000
1006387,910000	909744,590000	2,500000
1007440,100000	1389691,390000	2,500000
1007447,280000	1345453,220000	2,800000
1007457,220000	1280203,400000	1,500000
1007474,590000	1150814,490000	1,200000
1007478,680000	1116532,920000	1,700000
1007500,460000	886523,100000	1,200000
1008504,580000	1568865,540000	2,600000
1008544,930000	1375314,090000	2,100000
1008554,230000	1324440,560000	1,800000
1008561,300000	1283521,320000	1,600000
1008573,380000	1208320,090000	1,800000
1008587,530000	1108792,110000	1,800000
1008607,990000	926331,670000	1,500000
1009651,340000	1356513,090000	2,500000
1009669,210000	1265826,920000	2,900000
1009695,150000	1111003,960000	3,100000
1010800,840000	1124274,360000	1,800000
1011864,110000	1328865,010000	2,200000
1011879,870000	1262509,650000	2,100000
1012978,180000	1289051,850000	1,300000
1013024,530000	1082252,540000	1,500000
1014080,140000	1297899,530000	1,400000
1014116,370000	1157450,860000	1,200000
1015061,300000	1633020,430000	2,500000
1015190,060000	1279099,200000	1,700000
1015234,490000	1112110,870000	1,000000
1016178,100000	1585459,130000	2,200000
1016331,460000	1154133,810000	1,600000
1016334,410000	1143075,160000	1,400000
1016341,280000	1116534,550000	2,400000
1017437,990000	1156345,860000	1,100000
1017449,700000	1114323,140000	1,300000
1018486,750000	1325549,280000	1,800000
1018536,120000	1185098,920000	1,500000
1018591,330000	982729,270000	1,500000
1019660,320000	1130911,640000	2,000000
1019666,440000	1111006,210000	2,600000
1020750,080000	1182887,910000	1,500000
1020807,690000	995999,610000	1,000000
1021684,440000	1546749,680000	2,000000
1021865,680000	1158559,040000	1,800000
1022916,260000	1293479,100000	1,800000
1022987,060000	1119854,160000	3,100000
1023024,520000	1004846,790000	1,100000
1023882,340000	1543432,830000	2,800000
1023916,120000	1488130,930000	1,600000
1024036,190000	1260302,010000	1,400000
1024068,590000	1186206,840000	2,500000
1024081,160000	1155242,260000	1,000000
1025114,310000	1314492,880000	1,700000
1025159,900000	1220489,920000	1,400000
1025166,880000	1205007,400000	2,200000
1025167,370000	1203901,510000	1,100000
1025211,150000	1097737,860000	1,900000
1025247,190000	993789,250000	1,700000
1025249,600000	986048,510000	1,900000
1026179,880000	1383062,610000	1,800000
1026320,170000	1095526,580000	2,100000
1027470,770000	981625,940000	1,400000
1028506,620000	1161879,440000	2,500000
1028510,270000	1154138,310000	1,100000
1028538,900000	1089998,230000	2,200000
1029565,320000	1253669,340000	2,000000
1030716,690000	1169621,700000	1,900000
1030760,460000	1078940,680000	2,700000
1030800,060000	982732,940000	2,000000
1031559,170000	1554499,050000	2,700000
1031824,760000	1167410,510000	1,600000
1031856,860000	1104375,870000	1,900000
1031863,220000	1091105,580000	2,500000
1031863,740000	1089999,720000	2,700000
1031870,970000	1074517,780000	1,700000
1031907,790000	988262,490000	2,100000
1031913,780000	972780,970000	1,500000
1032687,960000	1518000,140000	3,200000
1032698,090000	1505833,670000	3,000000
1032977,920000	1077835,860000	2,600000
1034081,990000	1086683,230000	2,500000
1034084,760000	1081153,960000	2,500000
1034138,720000	960617,820000	1,300000
1034872,490000	1532380,710000	2,300000
1034950,200000	1442792,180000	2,200000
1035092,900000	1251460,890000	1,600000
1035141,610000	1174047,700000	2,000000
1035156,480000	1148612,390000	2,000000
1035194,320000	1078942,810000	1,400000
1035196,580000	1074519,390000	2,100000
1036303,960000	1076731,680000	3,500000
1036439,330000	696334,020000	2,600000
1036439,740000	694122,470000	2,600000
1037035,590000	1566670,860000	2,100000
1037348,880000	1184002,080000	1,600000
1037363,550000	1160778,410000	1,900000
1037413,660000	1074520,560000	2,600000
1037414,850000	1072308,850000	2,300000
1037443,240000	1017016,540000	1,500000
1038304,070000	1384177,270000	2,700000
1038419,050000	1237086,250000	1,900000
1038452,560000	1188426,390000	2,100000
1038460,590000	1176261,550000	1,100000
1038469,190000	1162990,880000	2,000000
1038523,430000	1072309,450000	1,900000
1039579,110000	1158568,050000	2,000000
1039589,140000	1143085,680000	1,200000
1039598,940000	1127603,380000	1,300000
1039602,380000	1122074,010000	1,800000
1039630,110000	1075627,650000	2,300000
1039757,160000	779268,250000	2,500000
1040334,770000	1560037,810000	2,300000
1040674,890000	1175157,150000	1,600000
1040680,960000	1166310,010000	2,100000
1040684,720000	1160780,560000	3,600000
1040686,210000	1158568,790000	1,400000
1040695,790000	1144192,280000	1,800000
1041288,850000	1682817,770000	3,300000
1041757,580000	1208334,960000	1,400000
1041765,740000	1197275,910000	1,300000
1041882,120000	1014807,150000	2,300000
1042877,080000	1190641,310000	1,700000
1042890,080000	1172946,930000	2,300000
1042904,320000	1153040,870000	1,800000
1042908,970000	1146405,550000	1,200000
1043640,200000	1548980,720000	2,700000
1043686,450000	1508056,400000	2,500000
1043859,480000	1337731,290000	3,000000
1043880,640000	1314506,130000	2,200000
1043931,430000	1255891,200000	1,500000
1044110,980000	997114,910000	2,000000
1045091,810000	1188431,190000	1,200000
1045098,670000	1179583,970000	2,700000
1045104,600000	1171842,680000	1,300000
1045125,240000	1144195,360000	1,400000
1045175,630000	1071207,600000	2,700000
1046158,090000	1237092,310000	1,400000
1046208,000000	1176267,130000	1,700000
1046208,860000	1175161,230000	1,800000
1046284,230000	1071208,330000	2,600000
1047204,040000	1302343,700000	1,400000
1047314,770000	1176268,010000	1,500000
1047318,320000	1171844,400000	2,400000
1047450,440000	979423,360000	3,200000
1048253,680000	1356537,150000	2,000000
1048398,330000	1203916,630000	3,100000
1048422,460000	1175163,010000	2,000000
1048423,370000	1174057,100000	3,800000
1048895,930000	1716013,260000	3,400000
1049554,710000	1144198,760000	1,300000
1049578,980000	1113233,900000	2,200000
1050460,770000	1355433,510000	5,100000
1050617,730000	1196177,160000	1,500000
1050695,470000	1102175,930000	1,700000
1050905,680000	688596,690000	2,500000
1051453,870000	1449445,260000	2,000000
1051484,710000	1424006,730000	2,700000
1051725,130000	1195072,240000	1,800000
1051729,120000	1190648,580000	2,500000
1051736,030000	1182907,190000	1,600000
1051744,810000	1172954,020000	1,600000
1051755,370000	1160789,070000	1,500000
1051887,470000	983849,410000	2,900000
1051891,640000	977214,330000	2,100000
1052418,530000	1552310,120000	2,600000
1052828,490000	1198391,000000	2,100000
1052878,720000	1141989,720000	1,300000
1052985,720000	1001543,720000	1,400000
1053721,260000	1396359,090000	1,900000
1053933,800000	1199497,950000	1,700000
1053961,530000	1169638,270000	2,700000
1054148,760000	916394,550000	2,200000
1055042,280000	1197287,170000	3,700000
1055046,540000	1192863,490000	1,900000
1055204,260000	1002651,090000	1,900000
1055706,960000	1555633,120000	2,700000
1055720,010000	1546784,380000	2,700000
1056136,590000	1209453,420000	1,700000
1056145,400000	1200606,020000	1,300000
1056196,950000	1146416,260000	2,000000
1056882,810000	1502542,880000	2,500000
1056988,210000	1426225,720000	2,100000
1057210,450000	1240420,720000	1,800000
1057433,080000	989382,380000	2,300000
1058170,480000	1364290,500000	1,900000
1058236,860000	1310097,240000	1,900000
1058385,920000	1172960,200000	1,700000
1058401,040000	1157477,410000	1,800000
1058418,940000	1138676,980000	1,700000
1059446,800000	1217198,380000	1,800000
1059550,270000	1113242,290000	1,600000
1059783,850000	757159,090000	2,400000
1060115,290000	1544578,890000	2,400000
1060239,670000	1462729,560000	2,300000
1060401,840000	1344385,400000	2,000000
1061182,770000	1563384,370000	2,400000
1061656,350000	1219412,680000	1,800000
1061680,640000	1197293,960000	1,600000
1061874,110000	987173,920000	2,100000
1062039,040000	666483,650000	2,800000
1062334,710000	1530203,200000	2,200000
1062764,820000	1217202,040000	2,500000
1062768,560000	1213884,220000	2,200000
1062839,890000	1147528,600000	1,500000
1064184,420000	1720464,620000	2,900000
1064975,540000	1218310,530000	2,700000
1064980,710000	1213886,750000	2,100000
1065003,610000	1193979,840000	2,200000
1065167,680000	1030305,620000	2,400000
1065375,940000	672013,620000	2,300000
1066070,910000	1227159,430000	1,700000
1067281,240000	1136474,090000	2,000000
1067518,800000	1692816,110000	2,800000
1068431,020000	1096662,390000	1,900000
1068719,530000	654321,570000	3,000000
1069213,170000	1354351,630000	2,900000
1069635,600000	996027,220000	1,900000
1070242,410000	1401912,360000	2,400000
1070492,750000	1228270,910000	1,500000
1070618,710000	1123206,680000	1,300000
1072451,600000	1398597,800000	2,100000
1073321,190000	1529116,410000	2,300000
1073742,250000	1276938,210000	2,000000
1073909,300000	1150858,740000	3,100000
1074800,890000	1307907,660000	2,100000
1075012,500000	1154177,900000	1,600000
1075993,700000	1248185,860000	1,400000
1077518,690000	858905,580000	1,400000
1077694,990000	1539080,090000	2,200000
1079047,510000	1407457,550000	2,300000
1079828,130000	1568950,310000	2,700000
1080312,410000	1313446,430000	1,700000
1080578,940000	1130960,090000	1,500000
1081257,160000	1404143,400000	2,700000
1082230,260000	1470510,180000	2,300000
1083560,630000	1349950,990000	2,100000
1084997,200000	1699493,650000	3,100000
1085247,940000	1597722,810000	4,200000
1086333,850000	1602150,120000	3,100000
1086432,690000	1560115,780000	2,200000
1088700,120000	1529148,670000	2,300000
1088840,590000	1466099,530000	2,600000
1089614,670000	1605476,710000	2,600000
1089940,850000	1466101,920000	2,600000
1091143,770000	1418541,960000	1,600000
1091176,100000	1403056,750000	2,200000
1092187,910000	1445090,670000	2,500000
1092303,310000	1390892,150000	2,000000
1095045,810000	1624296,340000	2,100000
1095852,090000	1726074,070000	2,900000
1096157,840000	1082319,050000	1,500000
1096225,020000	1032551,000000	1,500000
1096316,990000	1557927,510000	2,400000
1097799,730000	1397540,450000	2,300000
1098100,200000	1249328,080000	1,900000
1098258,120000	1650854,850000	2,800000
1098552,730000	1542446,700000	2,400000
1100065,270000	1369892,980000	2,500000
1100628,640000	1056888,080000	1,700000
1100948,950000	1463915,160000	2,100000
1101427,030000	1243804,120000	5,500000
1103204,340000	1441797,830000	2,400000
1103627,390000	1249338,580000	5,000000
1104017,430000	1012654,020000	1,400000
1104500,930000	1753758,950000	2,400000
1105072,520000	1051364,580000	2,700000
1105113,390000	1022609,240000	2,000000
1105425,460000	1434060,310000	1,400000
1106119,040000	1092287,780000	1,400000
1107027,480000	1647562,140000	3,500000
1107075,100000	1632074,580000	1,700000
1107298,800000	1045837,930000	1,500000
1112137,720000	1393149,840000	2,600000
1112756,320000	1100040,740000	1,300000
1112866,490000	1031468,340000	1,500000
1113198,870000	724011,390000	3,200000
1113995,850000	1018198,050000	1,600000
1114031,260000	1507090,890000	1,800000
1114310,670000	1405323,030000	1,600000
1114367,540000	1383200,190000	2,800000
1115055,740000	1050273,820000	2,700000
1117240,990000	1070185,730000	2,700000
1117513,640000	1442941,410000	2,300000
1118311,480000	1092308,170000	2,300000
1118368,380000	1059127,370000	2,100000
1118724,260000	1403122,400000	1,800000
1120604,890000	1048070,830000	1,300000
1121598,010000	1113329,000000	2,800000
1121757,550000	1021528,070000	1,700000
1125690,930000	1634349,010000	2,600000
1126043,190000	1106701,080000	2,000000
1127159,960000	1102278,960000	1,700000
1129429,520000	1074631,570000	2,800000
1129539,320000	1012692,520000	1,700000
1129647,950000	1435233,400000	2,000000
1129875,870000	740612,890000	2,300000
1131682,250000	1055832,590000	1,600000
1132102,820000	738402,690000	3,400000
1132811,660000	1044773,960000	1,600000
1134603,510000	1240558,870000	1,500000
1136026,380000	1102296,640000	2,300000
1137170,940000	1084601,370000	2,500000
1137512,930000	1385477,360000	2,500000
1138217,280000	1114468,420000	2,200000
1138306,260000	1071330,460000	2,200000
1138532,280000	1412030,180000	3,200000
1142644,910000	1116690,290000	1,300000
1142734,800000	1074657,760000	3,200000
1143428,700000	1248325,000000	1,900000
1144012,020000	1420898,060000	1,400000
1144552,260000	1241690,910000	1,800000
1144561,180000	1238372,370000	2,700000
1145139,540000	1413157,930000	1,700000
1145693,730000	1228419,720000	1,200000
1145702,560000	1225101,190000	1,400000
1146332,820000	1385505,230000	3,200000
1147195,650000	1062499,640000	1,800000
1148026,400000	1782701,830000	4,000000
1148645,530000	1352324,950000	1,800000
1148694,410000	1336837,600000	2,200000
1148721,940000	1327987,720000	2,700000
1149777,090000	1343478,510000	2,900000
1150404,290000	1115601,770000	4,200000
1151011,780000	1301444,950000	1,600000
1151129,940000	1261620,970000	2,100000
1151354,210000	1179762,320000	1,600000
1151488,900000	1125559,820000	2,700000
1152235,300000	1261624,180000	1,600000
1152769,120000	1049237,650000	2,400000
1154878,750000	1097913,490000	2,000000
1155280,170000	1347921,420000	2,100000
1155587,340000	1249465,420000	2,000000
1155869,350000	1740692,320000	2,500000
1156459,990000	1324693,470000	1,700000
1156731,810000	1236193,920000	1,500000
1157223,570000	1423156,790000	2,600000
1157303,350000	1401030,660000	2,600000
1159879,590000	776035,280000	2,600000
1161385,580000	1729654,360000	2,700000
1162156,080000	1270504,210000	2,100000
1162214,420000	1251697,790000	1,800000
1162954,000000	1362329,570000	2,100000
1163224,440000	769402,300000	2,100000
1164355,930000	1273830,020000	1,400000
1164422,210000	1252810,880000	2,300000
1164750,230000	1138867,580000	1,200000
1165475,280000	1269408,450000	1,600000
1165639,410000	1216307,600000	1,500000
1165907,420000	1120064,660000	4,100000
1166941,950000	1147723,380000	1,500000
1169098,440000	1168748,240000	1,700000
1169657,160000	1339120,460000	2,100000
1172433,090000	1164332,690000	2,300000
1173083,140000	1307048,700000	2,700000
1173235,830000	770520,050000	2,400000
1175904,990000	1111241,080000	1,700000
1177640,930000	1267236,110000	3,700000
1180399,790000	1413289,690000	2,700000
1184373,920000	760577,730000	2,400000
1184611,140000	1165475,340000	1,300000
1185745,880000	1156628,110000	1,300000
1187549,030000	1278334,990000	2,500000
1187569,250000	1272803,060000	1,500000
1191124,550000	1205325,530000	2,500000
1192804,530000	1010611,590000	1,800000
1194482,480000	1194272,960000	1,700000
1195425,580000	1240745,690000	2,200000
1195989,830000	1787395,980000	3,300000
1199224,830000	1096925,210000	2,200000
1199958,560000	1210888,340000	3,100000
1200108,100000	1167738,060000	2,800000
1205250,120000	1273976,990000	1,800000
1208539,160000	1280629,330000	3,000000
1208610,770000	1262925,390000	2,700000
1208685,080000	1244115,070000	1,700000
1211086,980000	1194331,720000	3,300000
1211290,280000	1136795,220000	1,300000
1212424,540000	1129053,710000	2,300000
1216261,800000	1283981,200000	2,700000
1216313,260000	1271809,220000	3,200000
1216382,150000	1255211,160000	2,500000
1218715,320000	1225343,660000	2,300000
1220720,930000	1275147,660000	3,200000
1223080,120000	1811932,680000	3,200000
1223311,530000	1182205,820000	2,300000
1231955,480000	1234251,150000	2,200000
1234225,050000	1220981,080000	1,700000
1235336,390000	1219879,150000	2,400000
1236371,250000	1236483,570000	2,500000
1236631,090000	1174511,800000	2,400000
1243537,040000	1843088,950000	3,500000
1245291,690000	1221029,150000	2,000000
1251845,050000	1239873,790000	1,900000
1252840,450000	1263121,030000	1,400000
1308976,170000	788459,140000	2,500000
1331750,970000	1202655,150000	3,500000
