cod_mun	dpto	peso
5001	5	3052.976296
5002	5	3011.922509
5004	5	3061.904762
5021	5	3128.863636
5030	5	3029.870056
5031	5	3213.910891
5034	5	3228.594276
5036	5	3074.753425
5038	5	3155.05
5040	5	3205.597122
5042	5	3160.972727
5044	5	3057.409836
5045	5	3166.46677
5051	5	3272.492891
5055	5	3214.321429
5059	5	3156.133333
5079	5	3104.454707
5086	5	3089.228571
5088	5	3083.623739
5091	5	3243.694805
5093	5	3111.961404
5101	5	3184.94246
5107	5	3135.7125
5113	5	4137.149123
5120	5	3265.623688
5125	5	3313.083333
5129	5	3017.698238
5134	5	3247.609375
5138	5	3198.186813
5142	5	3293.144737
5145	5	2997.676471
5147	5	3174.832765
5148	5	3119.314879
5150	5	3073.3
5154	5	3283.678134
5172	5	3212.392681
5190	5	3206.615385
5197	5	3170.336538
5206	5	3010.9375
5209	5	3161.117857
5212	5	3106.178063
5234	5	3104.200787
5237	5	2965.712803
5240	5	3148.525926
5250	5	3236.763721
5264	5	2965.798246
5266	5	3060.745137
5282	5	3186.093117
5284	5	3549.817073
5306	5	3357.310811
5308	5	3088.933747
5310	5	3084.921875
5313	5	3069.177083
5315	5	3325.243902
5318	5	3034.126984
5321	5	3091.983333
5347	5	3132.12963
5353	5	3179.229167
5360	5	3080.836905
5361	5	3108.002604
5364	5	3109.452229
5368	5	3089.453846
5376	5	3070.447025
5380	5	3034.91623
5390	5	3161.301075
5400	5	3087.516892
5411	5	3218.272
5425	5	3255.610169
5440	5	3051.937879
5467	5	3229.353846
5475	5	2981.377778
5480	5	3194.068884
5483	5	3094.966887
5490	5	3230.35503
5495	5	3208.142857
5501	5	3102.9
5541	5	3069.585903
5543	5	3089.489796
5576	5	3095.657143
5579	5	3282.539267
5585	5	3235.780105
5591	5	3342.624573
5604	5	3358.747945
5607	5	3099.14359
5615	5	3073.305866
5628	5	3259.309091
5631	5	3053.293478
5642	5	3111.274809
5647	5	3164.958333
5649	5	3192.92
5652	5	3351.076271
5656	5	3146
5658	5	3100.28125
5659	5	3149.6
5660	5	3489.831776
5664	5	3031.790974
5665	5	3841.624826
5667	5	3083.679144
5670	5	3209.152416
5674	5	3261.299242
5679	5	3111.344262
5686	5	2924.735245
5690	5	3163.382166
5697	5	3172.466119
5736	5	3238.455814
5756	5	3195.688588
5761	5	3339.297872
5789	5	3133.428571
5790	5	3260.751734
5792	5	3153.735294
5809	5	3118.168067
5819	5	3374.3875
5837	5	3163.091719
5842	5	3186.091743
5847	5	3067.302895
5854	5	3086.612805
5856	5	3094.769231
5858	5	3281.406091
5861	5	2990.644295
5873	5	3076.064516
5885	5	3116.090909
5887	5	3024.155093
5890	5	3165.336957
5893	5	3280.154762
5895	5	3311.122203
08001	08	3128.272805
08078	08	3217.193583
08137	08	3136.422481
08141	08	3042.846154
08296	08	3130.067019
08372	08	3092.026087
08421	08	3138.246154
08433	08	3149.107463
08436	08	3109.778481
08520	08	3140.672515
08549	08	3052
08558	08	3058.734513
08560	08	3105.979381
08573	08	3129.04186
08606	08	3333.076471
08634	08	3158.769585
08638	08	3130.789003
08675	08	3200.38835
08685	08	3162.974638
08758	08	3121.177798
08770	08	3138.802083
08832	08	3152.680982
08849	08	3125.036765
11001	11	2971.772114
13001	13	3182.764571
13006	13	3213.552381
13030	13	3319.915663
13042	13	3122.59589
13052	13	3189.155266
13062	13	3162.666667
13074	13	3473.704724
13140	13	3437.931624
13160	13	3373.890511
13188	13	3251.057803
13212	13	3300.983333
13222	13	3168.677778
13244	13	3174.48755
13248	13	3123.737374
13268	13	3425.350746
13300	13	3253.589041
13430	13	3185.85557
13433	13	3111.974212
13440	13	3124.041667
13442	13	3198.451957
13458	13	3279.672897
13468	13	3156.802183
13473	13	3408.461165
13490	13	3600
13549	13	3336.58547
13580	13	3385.967742
13600	13	3171.92053
13620	13	3182.5
13647	13	3230.653333
13650	13	3396.276923
13654	13	3202.521519
13655	13	3478.834951
13657	13	3347.799591
13667	13	3350.410569
13670	13	3335.090435
13673	13	3166.652778
13683	13	3123.751412
13688	13	3364.340979
13744	13	3422.576923
13760	13	3276.300971
13780	13	3252.415929
13810	13	3227.532847
13836	13	3227.734201
13838	13	3250.391089
13873	13	3125.073232
13894	13	3173.682796
15001	15	3042.99931
15022	15	3095.625
15047	15	2994.272414
15051	15	2895.625
15087	15	3081.788618
15090	15	3477.541667
15092	15	3046.818182
15097	15	3127.914286
15104	15	3103.294118
15106	15	3142.058824
15109	15	3004.779412
15114	15	3276
15131	15	3052.894737
15135	15	3374.473684
15162	15	3103.73913
15172	15	3052.69697
15176	15	3043.863718
15180	15	3094.883721
15183	15	3034.007194
15185	15	3169.541284
15187	15	3052.342105
15189	15	3065.150685
15204	15	3007.1875
15212	15	3142.820513
15215	15	3122.717391
15218	15	3160.540541
15223	15	4788.141304
15224	15	2951.666667
15226	15	2964.684211
15232	15	2944.266667
15236	15	3098.382353
15238	15	3073.334282
15244	15	2957.9375
15248	15	3287.285714
15272	15	3021.898734
15276	15	3051.675676
15293	15	2931.6
15296	15	3077.43617
15299	15	3114.471503
15317	15	3064
15322	15	3218.049587
15325	15	3207
15332	15	3012.172414
15362	15	3078.125
15367	15	3163.019802
15368	15	3003.561644
15377	15	3179.814815
15380	15	3025.578947
15401	15	3283.5625
15403	15	2984.354839
15407	15	3001.897849
15425	15	3063.255814
15442	15	3098.023256
15455	15	3222.040323
15464	15	3199.868132
15466	15	3135.857143
15469	15	3127.569231
15476	15	3016.571429
15480	15	3242.582781
15491	15	3038.167488
15494	15	3264.53125
15500	15	2917
15507	15	3293.283582
15511	15	3295
15514	15	3369.5
15516	15	3125.407489
15518	15	3115.882353
15522	15	2866.666667
15531	15	3239.6
15533	15	3638.368421
15537	15	3119.955882
15542	15	3241.850746
15550	15	5083.923077
15572	15	3216.067779
15580	15	2942.962963
15599	15	3222.169231
15600	15	3093.1
15621	15	3268.5
15632	15	2956.546053
15638	15	3347.125
15646	15	3070.784615
15660	15	3260.133333
15664	15	3084.285714
15667	15	3277.253521
15673	15	3165.4
15676	15	2965.306122
15681	15	3655.538462
15686	15	3061.661017
15690	15	3208.116279
15693	15	3009.804196
15696	15	3177.105263
15720	15	3073.757576
15723	15	3305.111111
15740	15	3015.230769
15753	15	3070.15873
15755	15	2925.075949
15757	15	3048.831169
15759	15	3101.77012
15761	15	3115.148148
15762	15	3021.25
15763	15	3141.491228
15764	15	3038.228571
15774	15	2943.269231
15776	15	3061.226415
15778	15	3199.722222
15790	15	3130.672727
15798	15	3159.568627
15804	15	3209.23913
15806	15	3094.688742
15808	15	2975.833333
15810	15	3015.932203
15814	15	3070.08427
15816	15	3013.57377
15820	15	3025.77193
15822	15	3021.211111
15832	15	3044.230769
15835	15	3200.659794
15837	15	3075.508333
15839	15	2928.333333
15842	15	3169.509615
15861	15	3044.313305
15879	15	3224.069767
15897	15	3321.140845
17001	17	3155.075699
17013	17	3077.767528
17042	17	3148.657895
17050	17	3279.48951
17088	17	3253.363636
17174	17	3522.829706
17272	17	3537.633929
17380	17	3252.960814
17388	17	3174.557377
17433	17	3199.887097
17442	17	3177.343511
17444	17	3226.602151
17446	17	3033.953488
17486	17	3185.456667
17495	17	3287.359223
17513	17	2988.709459
17524	17	3181.454545
17541	17	3205.026316
17614	17	3176.054329
17616	17	3129.69403
17653	17	3046.245536
17662	17	3272.256705
17665	17	3201.557143
17777	17	3234.805921
17867	17	3301.642202
17873	17	3183.924152
17877	17	3241.176471
18001	18	3274.978383
18029	18	3438.016393
18094	18	3293.865854
18150	18	3359.540541
18205	18	3298.644144
18247	18	3248.038462
18256	18	3203.449612
18410	18	3408.330097
18460	18	3275.591837
18479	18	3370.30303
18592	18	3232.257261
18610	18	3326.712644
18753	18	3348.118534
18756	18	3250.606061
18785	18	3308.051948
18860	18	3309.431507
19001	19	3150.22202
19022	19	2783.547619
19050	19	3174.530769
19075	19	3119.99
19100	19	3075.349076
19110	19	3190.678679
19130	19	3233.813051
19137	19	3231.295775
19142	19	3385.866279
19212	19	3252.117794
19256	19	3237.433702
19290	19	3196.177778
19300	19	3172.295964
19318	19	3173.297101
19355	19	3139.343915
19364	19	3217.61165
19392	19	3272.358779
19397	19	3025.385475
19418	19	3098.236842
19450	19	3176.130435
19455	19	3261.746803
19473	19	3258.121673
19513	19	3172.514493
19517	19	3510.254167
19532	19	3210.65445
19533	19	3448.517647
19548	19	3162.304432
19573	19	3022.045882
19585	19	3195.382199
19622	19	3268.333333
19693	19	2997.310924
19698	19	3202.692585
19701	19	3183.243243
19743	19	3055.449468
19760	19	3268.416667
19780	19	3251.814655
19785	19	3178.313253
19807	19	3139.603037
19809	19	3162.66
19821	19	3173.644118
19824	19	3265.646865
19845	19	3092.804979
20001	20	3194.723064
20011	20	3438.284275
20013	20	3343.648294
20032	20	3192.675325
20045	20	3204.814103
20060	20	3146.16
20175	20	3274.954545
20178	20	3351.748006
20228	20	3229.683007
20238	20	3131.618861
20250	20	3099.457143
20295	20	3304.957576
20310	20	3224.42623
20383	20	3315.739726
20400	20	3178.654036
20443	20	2979.192308
20517	20	3251.716253
20550	20	3244.769759
20570	20	3179.267327
20614	20	3399.721925
20621	20	3189.490148
20710	20	3197.218391
20750	20	3128.969274
20770	20	4262.466667
20787	20	3113.710084
23001	23	3122.231391
23068	23	3169.582242
23079	23	3122.486264
23090	23	3182.749077
23162	23	3177.383382
23168	23	3227.907514
23182	23	3165.150068
23189	23	3147.871612
23300	23	3211.050505
23350	23	3177.023166
23417	23	3180.701167
23419	23	3187.226601
23464	23	3242.350962
23466	23	3255.878947
23500	23	3221.738028
23555	23	3156.433992
23570	23	3134.751861
23574	23	3098.572785
23580	23	3292.271845
23586	23	3191.643243
23660	23	3135.443008
23670	23	3097.781609
23672	23	3256.178423
23675	23	3214.894309
23678	23	3102.614286
23682	23	2746.428571
23686	23	3136.321229
23807	23	3171.695828
23815	23	2874
23855	23	3134.974122
25001	25	3254.579268
25019	25	3055.873016
25035	25	3233.791946
25040	25	3087.093567
25053	25	3057.630872
25086	25	3328.823529
25095	25	3445
25099	25	2945.934959
25120	25	3160.804598
25123	25	3213.364407
25126	25	2933.816514
25148	25	3263.621429
25151	25	3059.36
25154	25	2915.044248
25168	25	3190.277778
25175	25	3000.49053
25178	25	3018.981481
25181	25	2993.522581
25183	25	2941.353075
25200	25	3053.557621
25214	25	3027.721649
25224	25	3107.922481
25245	25	3231.062222
25258	25	3156.276596
25260	25	3005.721154
25269	25	3005.50046
25279	25	3240.029851
25281	25	3075.138889
25286	25	3048.675726
25288	25	3143.404255
25290	25	3138.650755
25293	25	3035.627451
25295	25	2997.541872
25297	25	3042.664671
25299	25	2996.2
25307	25	3235.06375
25312	25	3076.919192
25317	25	3121.923729
25320	25	3216.318182
25322	25	3004.3125
25324	25	3178.888889
25326	25	2922.741573
25328	25	3000.566038
25335	25	3065.548387
25339	25	3097.861538
25368	25	3330.4
25372	25	2940.012658
25377	25	2917.590296
25386	25	3192.420398
25394	25	3208.409091
25398	25	3174
25402	25	3095.965347
25407	25	3090.57513
25426	25	2954.758065
25430	25	2990.45689
25436	25	2819.558824
25438	25	3385.625
25473	25	2976.144346
25483	25	3200.25641
25486	25	2975.246377
25488	25	3266.039216
25489	25	3227.692308
25491	25	3186.727273
25506	25	3163.089552
25513	25	3105.229651
25518	25	3250.555556
25524	25	3062.765957
25530	25	3284.678571
25535	25	3057.877419
25572	25	3202.216216
25580	25	3180.892857
25592	25	3213.586207
25594	25	3152.43038
25596	25	3161
25599	25	3243.051546
25612	25	3349.242424
25645	25	3164.567308
25649	25	3121.730769
25653	25	3083.512821
25658	25	3166.75
25662	25	3157.49505
25718	25	3130.878049
25736	25	3016.296296
25740	25	2992.316195
25743	25	3167.094225
25745	25	3024.786585
25754	25	3000.894356
25758	25	3008.985915
25769	25	2987.34632
25772	25	2904.632035
25777	25	3081.137255
25779	25	3025.054348
25781	25	3129.583333
25785	25	3015.003378
25793	25	2958.305556
25797	25	3168.540541
25799	25	2982.882006
25805	25	3218.6
25807	25	3099.689655
25815	25	3213.944134
25817	25	3001.405959
25823	25	3040.916667
25839	25	3245.150538
25841	25	3025.098765
25843	25	3080.434928
25845	25	3081.643678
25851	25	3330
25862	25	3152.592593
25867	25	3347.208333
25871	25	3295.555556
25873	25	2928.485944
25875	25	3189.916449
25878	25	3248.532934
25885	25	3171.629834
25898	25	3022.075472
25899	25	3018.566845
27001	27	3120.877766
27006	27	3387.526946
27025	27	3062.895833
27050	27	3224.805556
27073	27	2990.294118
27075	27	3270.848739
27077	27	3107.45614
27099	27	3122.35
27135	27	3066.666667
27150	27	3017.512195
27160	27	3129.423729
27205	27	3087.616216
27245	27	2989.594595
27250	27	3209.615385
27361	27	3072.893035
27372	27	3500.34375
27413	27	3131.988636
27425	27	3124.961538
27430	27	3225.173913
27450	27	3292.182432
27491	27	2947.541667
27495	27	3521.827586
27580	27	3091
27600	27	2836.935484
27615	27	3305.004149
27660	27	3509.962963
27745	27	3257.666667
27787	27	3289.709957
27800	27	3234.455285
27810	27	3436.348837
41001	41	3244.20803
41006	41	3454.759513
41013	41	3533.419753
41016	41	3970.157377
41020	41	3697.090293
41026	41	3364.982143
41078	41	3375.23913
41132	41	3999.326679
41206	41	3953.507246
41244	41	3179.038462
41298	41	3215.573906
41306	41	3402.808933
41319	41	3510.857576
41349	41	3263.817391
41357	41	4547.43128
41359	41	3188.71608
41378	41	3442.46332
41396	41	3589.967294
41483	41	3936.895238
41503	41	3380.172549
41518	41	3311.708861
41524	41	3226.226776
41530	41	3375.457627
41548	41	3592.210526
41551	41	3376.606544
41615	41	3528.298013
41660	41	4071.371429
41668	41	3305.313609
41676	41	3378.844749
41770	41	3309.453125
41791	41	3659.514658
41797	41	3582.485714
41799	41	3822.761905
41801	41	3485.751938
41807	41	3194.134375
41872	41	3235.444444
41885	41	3272.705882
44001	44	3384.091265
44035	44	3093.965054
44078	44	3199.5375
44090	44	3132.486683
44098	44	3252.47191
44110	44	3238.505155
44279	44	3135.589666
44378	44	3141.192
44420	44	3150.666667
44430	44	3204.897784
44560	44	3456.212074
44650	44	3163.880759
44847	44	3450.357079
44855	44	3171.829268
44874	44	3195.851282
47001	47	3159.442422
47030	47	3188.686869
47053	47	3192.418605
47058	47	3464.594891
47161	47	3250.696203
47170	47	3139.286374
47189	47	3168.228004
47205	47	3103.566434
47245	47	3465.104913
47258	47	3173.787172
47268	47	3210.728972
47288	47	3190.173208
47318	47	3248.071006
47460	47	3291.329577
47541	47	3068.333333
47545	47	3153.820225
47551	47	3194.196429
47555	47	3151.928364
47570	47	3256.934389
47605	47	3231.982759
47660	47	3237.902985
47675	47	3302.815534
47692	47	3145.758721
47703	47	3221.401575
47707	47	3204.987775
47720	47	3276.854305
47745	47	3084.85614
47798	47	3130.229885
47960	47	3113.419355
47980	47	3167.992765
50001	50	3304.539813
50006	50	3244.112577
50110	50	3389.987952
50124	50	3370.983607
50150	50	3235.272727
50223	50	3801.333333
50226	50	3481.608824
50245	50	3466.76
50251	50	3399.894737
50270	50	4169.696429
50287	50	3306.364103
50313	50	3253.17551
50318	50	3241.533333
50325	50	3546.283333
50330	50	3246.640625
50350	50	3361.735294
50370	50	3366.882353
50400	50	3301.901639
50450	50	3224.811475
50568	50	4010.569536
50573	50	3548.16958
50577	50	3296.251799
50590	50	3250.205405
50606	50	3421.110553
50680	50	3415.813131
50683	50	3382.716535
50686	50	3581.035714
50689	50	3409.889688
50711	50	3281.470383
52001	52	3037.648393
52019	52	3082.537634
52022	52	3110.357143
52036	52	3157.191176
52051	52	3085.88785
52079	52	3169.737864
52083	52	3101.948276
52110	52	3112.135542
52203	52	3059.328
52207	52	3115.357143
52210	52	4323.188119
52215	52	4179.221757
52224	52	3968.626761
52227	52	3458.121951
52233	52	3084.128788
52240	52	3081.119403
52250	52	3256.332461
52254	52	4011.680412
52256	52	3304.292453
52258	52	3097.980132
52260	52	3091.844086
52287	52	3148.238636
52317	52	2921.798817
52320	52	3067.324841
52323	52	3118.753623
52352	52	2958.989362
52354	52	3166.078125
52356	52	3058.879891
52378	52	3008.803191
52381	52	3042.284553
52385	52	3279.142857
52390	52	3354.913043
52399	52	3016.251816
52405	52	3255.5
52411	52	3088.006711
52418	52	3137.372881
52427	52	3273.421053
52435	52	3204.514286
52473	52	3463.934959
52480	52	3135.340909
52490	52	3414.368421
52506	52	3155.188679
52520	52	3188.830065
52540	52	3273.011834
52560	52	3213.180851
52565	52	3044.537313
52573	52	3303.651376
52585	52	3086.016736
52612	52	4344.896694
52621	52	3220.446602
52678	52	3153.757333
52683	52	3580.787162
52685	52	3056.352941
52687	52	3103.275362
52693	52	3000.323529
52694	52	3068.043478
52696	52	3143.333333
52699	52	3243.370787
52720	52	3021.617647
52786	52	3868.040293
52788	52	2988.731707
52835	52	3138.683786
52838	52	3050.303142
52885	52	3016.122302
54001	54	3288.247633
54003	54	3222.71831
54051	54	3282.047619
54099	54	3454.6
54109	54	3438.717391
54125	54	2974.444444
54128	54	3200.219697
54172	54	3408.547368
54174	54	3131.523438
54206	54	3295.10757
54223	54	3172.650602
54239	54	3238.216667
54245	54	3289.913043
54250	54	3358.802691
54261	54	3244.387324
54313	54	3400.054545
54344	54	3361.095238
54347	54	3316.111111
54377	54	3077.076923
54385	54	3155.07767
54398	54	3251.867347
54405	54	3235.28125
54418	54	3223.461538
54480	54	3125.561404
54498	54	3279.065525
54518	54	3270.641221
54520	54	3105.813953
54553	54	3206.666667
54599	54	3081.470588
54660	54	3388.765766
54670	54	3276
54673	54	3185
54680	54	3238.387097
54720	54	3312.280802
54743	54	3118.315789
54800	54	3295.108571
54810	54	3311.398818
54820	54	3252.520202
54871	54	3152.033898
54874	54	3179.294466
63001	63	3192.51398
63111	63	3195.666667
63130	63	3209.137967
63190	63	3191.128834
63212	63	3246.813333
63272	63	3139.96748
63302	63	3083.924528
63401	63	3330.506098
63470	63	3126.982353
63548	63	3322.0375
63594	63	3209.832474
63690	63	3154.694118
66001	66	3135.910215
66045	66	3085.026667
66075	66	3165.930233
66088	66	3129.971671
66170	66	3147.822771
66318	66	3200.368421
66383	66	3065.046296
66400	66	3202.94206
66440	66	3177.758893
66456	66	3078.488506
66572	66	3112.270992
66594	66	3161.932817
66682	66	3162.752009
66687	66	2927.698324
68001	68	3189.68843
68013	68	2907.894737
68020	68	3177.5
68051	68	3458.488189
68077	68	3111.195946
68079	68	3186.486486
68081	68	3245.459094
68092	68	3331.875
68101	68	2946.111111
68121	68	3088.4
68132	68	3122.454545
68147	68	3139.264706
68152	68	2992.412698
68160	68	3151.666667
68162	68	3100.263889
68167	68	3360.28125
68169	68	3048.095238
68176	68	2995.642857
68179	68	2844.634615
68190	68	3482.636893
68207	68	3071.8
68209	68	3337.5
68211	68	2978.5
68217	68	3223.275862
68229	68	3192.932099
68235	68	3271.299107
68245	68	3085
68250	68	2978.511628
68255	68	3254.414286
68264	68	3283.958333
68266	68	2989.782609
68271	68	4010.169014
68276	68	3175.2824
68296	68	3428
68298	68	3032.432432
68307	68	3185.391659
68318	68	3802.824324
68320	68	3236.5
68322	68	3450
68324	68	3106.486486
68327	68	3249.791667
68344	68	2440
68368	68	3226.428571
68370	68	2810.769231
68377	68	4501.605263
68385	68	3223.868421
68397	68	2977.142857
68406	68	3631.535406
68418	68	3206.925743
68425	68	2847.619048
68432	68	2993
68444	68	3322.339623
68464	68	3355.078431
68468	68	3081.020833
68498	68	3266.287879
68500	68	3014.682927
68502	68	3204.454545
68522	68	3900
68524	68	5178.333333
68533	68	3285.102041
68547	68	3163.882908
68549	68	3196.666667
68572	68	3570.983051
68573	68	3117.480769
68575	68	3275.856678
68615	68	3201.757225
68655	68	3381.488518
68669	68	3107.781022
68673	68	3152.272727
68679	68	3210.248042
68682	68	3201.916667
68684	68	3142.948276
68686	68	3134.666667
68689	68	3279.859688
68705	68	3103.478261
68720	68	4835.218182
68745	68	3193.87931
68755	68	3047.112676
68770	68	2652
68773	68	3222.576923
68780	68	3290.404255
68820	68	2974.9
68855	68	3300.10101
68861	68	3062.82
68867	68	2794.166667
68872	68	3172.061856
68895	68	3332.692982
70001	70	3129.779423
70110	70	3201.454545
70124	70	3291.571429
70204	70	3223.915888
70215	70	3104.026455
70221	70	3257.955157
70230	70	3203.898305
70233	70	3065.907692
70235	70	3176.926606
70265	70	3246.586957
70400	70	3151.910995
70418	70	3137.400612
70429	70	3278.570384
70473	70	3103.729614
70508	70	3208.964286
70523	70	3192.880734
70670	70	3225.56391
70678	70	3102.467363
70702	70	3077.005464
70708	70	3279.132174
70713	70	3262.96063
70717	70	3209.690909
70742	70	3179.645228
70771	70	3256.534247
70820	70	3238.301483
70823	70	3201.889831
73001	73	3238.372862
73024	73	3431.22449
73026	73	3414.219298
73030	73	3254.568627
73043	73	3027.788462
73055	73	3219.423913
73067	73	3293.446215
73124	73	3145.068657
73148	73	3207.186992
73152	73	3133.141026
73168	73	3171.693775
73200	73	3255.68
73217	73	3244.345845
73226	73	3440.818966
73236	73	3474.046296
73268	73	3208.668722
73270	73	3224.495413
73275	73	3213.7
73283	73	3193.298148
73319	73	3276.200828
73347	73	3167.463415
73349	73	3320.246114
73352	73	3273.362832
73408	73	3219.390845
73411	73	3144.478593
73443	73	3403.88932
73449	73	3245.083958
73461	73	2995.588235
73483	73	3731.831615
73504	73	4892.22813
73520	73	3167.879747
73547	73	3207.671233
73555	73	3229.444444
73563	73	3610.317568
73585	73	3347.333333
73616	73	4259.510309
73622	73	4069.845238
73624	73	3115.471564
73671	73	3235.201613
73675	73	3174.853846
73678	73	3149.717791
73686	73	3056.765766
73770	73	3245.652174
73854	73	3284.928571
73861	73	3213.193833
73870	73	3219.869281
73873	73	3233.061538
75032	75	3355
75036	75	2200
75056	75	3320
75076	75	3252.5
75156	75	3000
75188	75	2782.5
75218	75	3307.5
75249	75	4150
75364	75	3000
75380	75	3650
75484	75	1775
75528	75	2360
75533	75	1268
75604	75	3162.5
75772	75	4800
75840	75	2820
75850	75	2936.666667
75862	75	3259.944099
75998	75	2506
76001	76	3124.246092
76020	76	3117.727273
76036	76	3095.705882
76041	76	3163.983553
76054	76	3182.658228
76100	76	3110.971429
76109	76	3140.530099
76111	76	3127.609233
76113	76	3101.8
76122	76	3159.780362
76126	76	3072.451613
76130	76	3132.437262
76147	76	3176.059143
76233	76	3142.375494
76243	76	3028.472868
76246	76	3104.166667
76248	76	3184.429739
76250	76	3326.292517
76275	76	3126.40048
76306	76	3133.290323
76318	76	3129.403465
76364	76	3128.984246
76377	76	3167.206107
76400	76	3146.823666
76403	76	3217.291667
76497	76	3248.16568
76520	76	3182.024935
76563	76	3134.412817
76606	76	3194.995475
76616	76	3037.307692
76622	76	3113.506522
76670	76	3091.398907
76736	76	3071.954955
76823	76	3230.916667
76828	76	3080.057416
76834	76	3111.004893
76845	76	3127.5
76863	76	3109.559524
76869	76	3142.41791
76890	76	3109.077778
76892	76	3157.90118
76895	76	3207.034314
81001	81	3765.665476
81065	81	4343.630265
81220	81	3636.25
81300	81	4306.382857
81591	81	3338.890411
81736	81	3853.273605
81794	81	4152.009298
85001	85	3205.886445
85010	85	3250.839583
85015	85	3180.526316
85125	85	3935.897143
85136	85	3146.923077
85139	85	3307.005405
85162	85	3280.020833
85225	85	3250.980769
85230	85	3482.773333
85250	85	3286.739308
85263	85	3288.68
85279	85	3171.666667
85300	85	3248.825
85315	85	3684.4
85325	85	3611.519231
85400	85	4138.5
85410	85	3270.243243
85430	85	3327.27907
85440	85	3239.65618
86001	86	3327.913151
86219	86	3098.871287
86320	86	3422.719557
86568	86	3296.511489
86569	86	4781.866667
86571	86	3391.011194
86573	86	3474.957784
86749	86	3114.584071
86755	86	3225.594595
86757	86	3276.037736
86760	86	3200.757282
86865	86	3262.74514
86885	86	3391.830827
88001	88	3157.241587
88564	88	3259.459459
91001	91	3444.494012
91263	91	3354.545455
91405	91	3475.888889
91407	91	3636.658537
91460	91	3332.5
91536	91	2886.875
91540	91	3123.575472
91669	91	4039.9
91798	91	2994.285714
94001	94	3231.42471
94343	94	3103.953846
94663	94	3577.5
94883	94	3040
94884	94	3375
94886	94	3600
94887	94	3270
94888	94	2600
95001	95	3101.970532
95015	95	3095.540541
95025	95	3082.293785
95200	95	3295.691358
97001	97	3967.883369
97161	97	3893.566667
97511	97	4177.731343
97666	97	4738.1
97777	97	3080
97889	97	3980.708333
99001	99	3384.211268
99524	99	4920.941176
99624	99	3396.72973
99773	99	3701.250936
